job_id,subtime,start_time,finish_time,waiting_time
34036,0,0.0,132.0,0.0
34040,297,297.0,321.0,0.0
34041,328,328.0,337.0,0.0
34039,256,256.0,367.0,0.0
34042,455,455.0,571.0,0.0
34045,576,576.0,729.0,0.0
34047,871,871.0,1016.0,0.0
34044,494,494.0,1249.0,0.0
34051,1326,1326.0,1360.0,0.0
34049,1307,1307.0,1375.0,0.0
34048,1300,1300.0,1500.0,0.0
34050,1316,1316.0,1506.0,0.0
34043,490,490.0,1611.0,0.0
34052,1343,1343.0,1681.0,0.0
34061,1817,1817.0,1845.0,0.0
34060,1795,1817.0,1855.0,22.0
34056,1535,1535.0,1875.0,0.0
34065,2030,2030.0,2184.0,0.0
34070,2349,2800.0,2877.0,451.0
34062,1906,1906.0,2934.0,0.0
34075,2953,2953.0,2972.0,0.0
34064,1927,2030.0,3041.0,103.0
34073,2846,2846.0,5113.0,0.0
34104,5175,5175.0,5253.0,0.0
34058,1651,1875.0,5328.0,224.0
34105,5274,5274.0,5350.0,0.0
34106,5450,5450.0,5519.0,0.0
34074,2889,5328.0,5607.0,2439.0
34109,5587,5587.0,5629.0,0.0
34079,3252,6000.0,6008.0,2748.0
34111,5731,6000.0,6087.0,269.0
34115,6193,6193.0,6238.0,0.0
34078,3239,5607.0,6315.0,2368.0
34063,1924,6000.0,6392.0,4076.0
34086,3968,6315.0,6401.0,2347.0
34101,5044,6401.0,6627.0,1357.0
34088,4150,6850.0,6875.0,2700.0
34123,6928,6928.0,7014.0,0.0
34092,4297,7016.0,7057.0,2719.0
34125,7007,7014.0,7106.0,7.0
34080,3267,6008.0,7134.0,2741.0
34130,7161,7161.0,7234.0,0.0
34089,4161,6392.0,7268.0,2231.0
34132,7224,7224.0,7321.0,0.0
34133,7267,7267.0,7326.0,0.0
34136,7388,7388.0,7404.0,0.0
34135,7385,7385.0,7475.0,0.0
34112,5815,7268.0,7494.0,1453.0
34137,7451,7451.0,7503.0,0.0
34121,6675,7494.0,7610.0,819.0
34139,7558,7558.0,7619.0,0.0
34138,7556,7556.0,7664.0,0.0
34144,7822,7822.0,7877.0,0.0
34124,6935,7610.0,7892.0,675.0
34146,7892,7892.0,7917.0,0.0
34141,7698,7822.0,7921.0,124.0
34151,8010,8010.0,8013.0,0.0
34148,7923,7923.0,8045.0,0.0
34149,7945,7945.0,8047.0,0.0
34072,2800,6000.0,8307.0,3200.0
34154,8466,8466.0,8549.0,0.0
34158,8772,8772.0,8811.0,0.0
34159,8795,8795.0,8811.0,0.0
34160,8831,8831.0,8928.0,0.0
34161,8852,8852.0,8928.0,0.0
34163,9003,9003.0,9023.0,0.0
34164,9047,9047.0,9085.0,0.0
34166,9098,9098.0,9144.0,0.0
34168,9121,9121.0,9144.0,0.0
34169,9137,9137.0,9182.0,0.0
34172,9196,9196.0,9265.0,0.0
34175,9240,9240.0,9327.0,0.0
34177,9381,9381.0,9421.0,0.0
34178,9451,9451.0,9530.0,0.0
34179,9541,9541.0,9545.0,0.0
34173,9208,9208.0,9581.0,0.0
34174,9233,9233.0,9588.0,0.0
34182,9572,9572.0,9614.0,0.0
34183,9594,9594.0,9636.0,0.0
34185,9632,9632.0,9661.0,0.0
34180,9565,9565.0,9668.0,0.0
34189,9758,9758.0,9775.0,0.0
34181,9569,9569.0,9819.0,0.0
34188,9750,9750.0,9887.0,0.0
34127,7067,9767.0,9896.0,2700.0
34190,9780,9780.0,9897.0,0.0
34192,9892,9892.0,9897.0,0.0
34193,9899,9899.0,9995.0,0.0
34103,5114,6627.0,10164.0,1513.0
34196,10175,10175.0,10216.0,0.0
34195,10146,10146.0,10227.0,0.0
34197,10231,10231.0,10255.0,0.0
34200,10290,10290.0,10367.0,0.0
34198,10265,10265.0,10368.0,0.0
34202,10369,10369.0,10462.0,0.0
34205,10509,10509.0,10593.0,0.0
34207,10826,10826.0,10951.0,0.0
34208,10847,10847.0,10951.0,0.0
34217,11327,11327.0,11376.0,0.0
34218,11441,11441.0,11458.0,0.0
34219,11479,11479.0,11516.0,0.0
34215,11136,11136.0,11555.0,0.0
34220,11536,11536.0,11579.0,0.0
34222,11598,11598.0,11660.0,0.0
34211,11028,11028.0,12010.0,0.0
34213,11050,11050.0,12010.0,0.0
34228,11883,12110.0,12165.0,227.0
34239,12554,12554.0,12557.0,0.0
34231,12135,12208.0,12747.0,73.0
34243,12908,12908.0,12965.0,0.0
34245,12983,12983.0,13001.0,0.0
34246,13009,13009.0,13972.0,0.0
34257,14129,14129.0,14307.0,0.0
34261,14392,14392.0,14491.0,0.0
34224,11692,14392.0,14542.0,2700.0
34232,12208,14542.0,14592.0,2334.0
34266,14639,14639.0,14644.0,0.0
34267,14687,14687.0,14747.0,0.0
34230,12110,14810.0,15373.0,2700.0
34274,15273,15373.0,15434.0,100.0
34277,15445,15445.0,15506.0,0.0
34287,15894,15894.0,15955.0,0.0
34290,15962,15962.0,15980.0,0.0
34226,11739,15995.0,16118.0,4256.0
34250,13548,16248.0,16632.0,2700.0
34248,13032,15732.0,16675.0,2700.0
34297,16684,16684.0,16769.0,0.0
34298,16798,16798.0,16828.0,0.0
34131,7168,7168.0,18135.0,0.0
34330,18742,18742.0,18823.0,0.0
34128,7125,7892.0,18899.0,767.0
34256,13947,17935.0,19148.0,3988.0
34340,19241,19241.0,19249.0,0.0
34317,17834,20592.0,20651.0,2758.0
34303,16985,20542.0,20717.0,3557.0
34313,17575,20542.0,20740.0,2967.0
34342,19293,19293.0,21008.0,0.0
34357,19961,21008.0,21052.0,1047.0
34359,20108,21052.0,21095.0,944.0
34371,20883,21095.0,21220.0,212.0
34372,20895,21220.0,21270.0,325.0
34273,15235,20592.0,21538.0,5357.0
34282,15596,21599.0,21610.0,6003.0
34335,18950,21650.0,21664.0,2700.0
34334,18944,21644.0,21680.0,2700.0
34279,15528,22118.0,22125.0,6590.0
34280,15572,22125.0,22135.0,6553.0
34374,22088,22088.0,22136.0,0.0
34343,19419,22119.0,22138.0,2700.0
34234,12277,22118.0,22176.0,9841.0
34275,15281,22176.0,22201.0,6895.0
34376,22151,22151.0,22211.0,0.0
34276,15356,22201.0,22218.0,6845.0
34278,15500,22218.0,22230.0,6718.0
34289,15948,22230.0,22249.0,6282.0
34305,17070,22249.0,22303.0,5179.0
34378,22238,22238.0,22357.0,0.0
34296,16626,22135.0,22387.0,5509.0
34306,17083,22249.0,22406.0,5166.0
34348,19657,22357.0,22443.0,2700.0
34349,19684,22384.0,22461.0,2700.0
34302,16961,22249.0,22492.0,5288.0
34356,19895,22632.0,22655.0,2737.0
34309,17276,22387.0,22660.0,5111.0
34319,18115,22492.0,22679.0,4377.0
34358,19996,22696.0,22717.0,2700.0
34318,17972,22492.0,22792.0,4520.0
34324,18394,22679.0,22873.0,4285.0
34326,18542,22792.0,22964.0,4250.0
34328,18681,22964.0,23219.0,4283.0
34331,18846,23219.0,23239.0,4373.0
34368,20481,23181.0,23260.0,2700.0
34382,22503,23260.0,23266.0,757.0
34384,22554,23266.0,23280.0,712.0
34385,22557,23280.0,23310.0,723.0
34379,22327,23260.0,23329.0,933.0
34311,17538,22406.0,23334.0,4868.0
34387,22626,23310.0,23373.0,684.0
34392,22857,23373.0,23397.0,516.0
34390,22763,23329.0,23401.0,566.0
34332,18872,23239.0,23436.0,4367.0
34398,23295,23397.0,23458.0,102.0
34400,23429,23429.0,23517.0,0.0
34329,18736,23219.0,23587.0,4483.0
34381,22413,23517.0,23599.0,1104.0
34327,18547,22873.0,23673.0,4326.0
34389,22724,23599.0,23696.0,875.0
34345,19530,23587.0,23805.0,4057.0
34353,19788,22632.0,23852.0,2844.0
34352,19766,22632.0,23874.0,2866.0
34346,19578,23673.0,23996.0,4095.0
34354,19802,23805.0,24014.0,4003.0
34360,20128,24014.0,24221.0,3886.0
34361,20174,24221.0,24287.0,4047.0
34365,20386,24221.0,24287.0,3835.0
34288,15920,24310.0,24323.0,8390.0
34370,20556,24323.0,24344.0,3767.0
34377,22216,24221.0,24353.0,2005.0
34383,22515,24344.0,24422.0,1829.0
34404,23573,24353.0,24473.0,780.0
34367,20467,24287.0,24593.0,3820.0
34402,23521,24422.0,24758.0,901.0
34375,22101,24593.0,24816.0,2492.0
34413,24822,24822.0,24835.0,0.0
34407,23865,24758.0,24839.0,893.0
34380,22374,24816.0,24991.0,2442.0
34388,22703,24344.0,25140.0,1641.0
34391,22840,24991.0,25142.0,2151.0
34341,19252,23436.0,25192.0,4184.0
34396,23067,25142.0,25213.0,2075.0
34411,24535,25213.0,25425.0,678.0
34415,24954,25425.0,25466.0,471.0
34419,25095,25466.0,25506.0,371.0
34397,23194,25192.0,25511.0,1998.0
34408,24089,25511.0,25539.0,1422.0
34410,24194,25539.0,25734.0,1345.0
34424,25808,25808.0,25826.0,0.0
34421,25250,25734.0,25830.0,484.0
34308,17256,22387.0,25850.0,5131.0
34422,25424,25734.0,26012.0,310.0
34394,22908,23696.0,26755.0,788.0
34393,22886,24221.0,27298.0,1335.0
34428,27102,27374.0,27397.0,272.0
34431,27447,27527.0,27546.0,80.0
34433,27555,27599.0,27622.0,44.0
34434,27599,27750.0,27854.0,151.0
34430,27374,30074.0,30093.0,2700.0
34432,27527,30227.0,30248.0,2700.0
34446,30568,33268.0,33487.0,2700.0
34426,26092,36187.0,36633.0,10095.0
34436,27750,36633.0,37093.0,8883.0
34438,28356,37093.0,37562.0,8737.0
34454,31727,37562.0,48488.0,5835.0
34455,42658,48488.0,48573.0,5830.0
34463,44124,48573.0,48597.0,4449.0
34473,47990,48573.0,48656.0,583.0
34474,48084,48656.0,49012.0,572.0
34475,48441,49012.0,49060.0,571.0
34476,48659,49012.0,49129.0,353.0
34478,48784,49129.0,49219.0,345.0
34480,48923,49219.0,49236.0,296.0
34489,51180,55219.0,55390.0,4039.0
34496,52303,55219.0,55505.0,2916.0
34499,53039,55739.0,55860.0,2700.0
34505,53376,56076.0,56216.0,2700.0
34508,54553,57253.0,57537.0,2700.0
34517,55952,55952.0,57869.0,0.0
34514,54927,57627.0,57879.0,2700.0
34530,57895,57895.0,58838.0,0.0
34533,58847,58847.0,59575.0,0.0
34539,59631,59631.0,59758.0,0.0
34542,60245,60245.0,60655.0,0.0
34546,60663,60663.0,60766.0,0.0
34548,60778,60778.0,60892.0,0.0
34550,61128,61128.0,61251.0,0.0
34552,61376,61376.0,61464.0,0.0
34553,61592,61592.0,61718.0,0.0
34560,62489,62489.0,62605.0,0.0
34562,62765,62765.0,62877.0,0.0
34569,63954,63954.0,64170.0,0.0
34571,64245,64245.0,64368.0,0.0
34572,64403,64403.0,64510.0,0.0
34573,64559,64559.0,64679.0,0.0
34602,70008,72708.0,72729.0,2700.0
34603,70141,72841.0,72861.0,2700.0
34634,72949,72949.0,73034.0,0.0
34604,70340,73040.0,73080.0,2700.0
34636,73129,73129.0,73170.0,0.0
34605,70430,73130.0,73184.0,2700.0
34637,73234,73234.0,73275.0,0.0
34638,73308,73308.0,73377.0,0.0
34639,73328,73328.0,73448.0,0.0
34608,70831,73531.0,73593.0,2700.0
34613,71099,73799.0,73945.0,2700.0
34614,71444,74144.0,74209.0,2700.0
34616,71846,74546.0,74616.0,2700.0
34617,71941,74641.0,74658.0,2700.0
34619,71972,74672.0,74717.0,2700.0
34618,71964,74664.0,74747.0,2700.0
34621,72033,74733.0,74753.0,2700.0
34622,72062,74762.0,74778.0,2700.0
34623,72106,74806.0,74829.0,2700.0
34624,72143,74843.0,74881.0,2700.0
34625,72201,74901.0,74998.0,2700.0
34643,73858,74998.0,75135.0,1140.0
34651,74929,75135.0,75212.0,206.0
34649,74239,75135.0,75218.0,896.0
34648,74031,75135.0,75227.0,1104.0
34627,72369,75069.0,75235.0,2700.0
34629,72437,75137.0,75254.0,2700.0
34650,74690,75135.0,75275.0,445.0
34652,75254,75254.0,75332.0,0.0
34633,72852,75552.0,75587.0,2700.0
34653,75540,75540.0,75683.0,0.0
34655,76323,76323.0,76340.0,0.0
34654,76254,76254.0,76387.0,0.0
34641,73706,76406.0,76509.0,2700.0
34658,76559,76559.0,76639.0,0.0
34657,76546,76559.0,76780.0,13.0
34645,73921,76731.0,76832.0,2810.0
34660,76892,76892.0,76961.0,0.0
34661,77147,77147.0,77288.0,0.0
34663,78558,78558.0,78667.0,0.0
34665,78824,81524.0,81537.0,2700.0
34679,80827,81537.0,81680.0,710.0
34677,80531,81537.0,81695.0,1006.0
34666,78949,81649.0,81743.0,2700.0
34686,81836,81836.0,81871.0,0.0
34687,81884,81884.0,81902.0,0.0
34675,80027,81537.0,82015.0,1510.0
34669,79476,82509.0,82659.0,3033.0
34668,79279,82509.0,82686.0,3230.0
34688,81907,81907.0,83924.0,0.0
34689,81929,81929.0,83927.0,0.0
34656,76444,89927.0,90024.0,13483.0
34659,76771,90024.0,90118.0,13253.0
34726,89123,90118.0,90201.0,995.0
34724,88999,90118.0,90212.0,1119.0
34729,89766,90118.0,90324.0,352.0
34735,90544,90544.0,90702.0,0.0
34737,90780,90780.0,90847.0,0.0
34727,89458,90118.0,91048.0,660.0
34739,91111,91111.0,91151.0,0.0
34740,91393,91393.0,91557.0,0.0
34747,91713,91713.0,91778.0,0.0
34745,91682,91682.0,91863.0,0.0
34749,92227,92227.0,92304.0,0.0
34751,92446,92446.0,92570.0,0.0
34750,92393,92393.0,92596.0,0.0
34753,92776,92776.0,92879.0,0.0
34758,93231,93231.0,93272.0,0.0
34760,93363,93363.0,93403.0,0.0
34761,93446,93446.0,93487.0,0.0
34763,93630,93630.0,93679.0,0.0
34764,93687,93687.0,93718.0,0.0
34767,93768,93768.0,93793.0,0.0
34769,93808,93808.0,93842.0,0.0
34771,93848,93848.0,93877.0,0.0
34772,93961,93961.0,93997.0,0.0
34762,93491,93491.0,94077.0,0.0
34773,94049,94049.0,94107.0,0.0
34777,94288,94288.0,94290.0,0.0
34776,94215,94215.0,94299.0,0.0
34778,94315,94315.0,94335.0,0.0
34779,94343,94343.0,94378.0,0.0
34781,95070,95070.0,95074.0,0.0
34782,95079,95079.0,95089.0,0.0
34784,95142,95142.0,95304.0,0.0
34787,95335,95335.0,95366.0,0.0
34788,95427,95427.0,95457.0,0.0
34789,95462,95462.0,95494.0,0.0
34791,95570,95570.0,95595.0,0.0
34792,95601,95601.0,95633.0,0.0
34790,95509,95509.0,95855.0,0.0
34794,95936,95936.0,95951.0,0.0
34795,95995,95995.0,96016.0,0.0
34796,96101,96101.0,96107.0,0.0
34800,96242,98942.0,98945.0,2700.0
34814,96865,98945.0,98948.0,2080.0
34816,97533,98945.0,98949.0,1412.0
34819,97978,98945.0,98950.0,967.0
34799,96187,98942.0,98956.0,2755.0
34801,96302,99033.0,99036.0,2731.0
34802,96333,99033.0,99036.0,2700.0
34823,98516,98956.0,99085.0,440.0
34821,98239,98956.0,99221.0,717.0
34803,96451,99248.0,99251.0,2797.0
34807,96548,99248.0,99251.0,2700.0
34825,98992,98992.0,99303.0,0.0
34826,99324,99324.0,99347.0,0.0
34829,99464,99464.0,99471.0,0.0
34810,96610,99505.0,99508.0,2895.0
34812,96805,99505.0,99508.0,2700.0
34827,99345,99345.0,99714.0,0.0
34797,96116,102414.0,102419.0,6298.0
34818,97626,102419.0,102743.0,4793.0
34820,98012,102743.0,102937.0,4731.0
34824,98749,102937.0,103175.0,4188.0
34850,102192,103175.0,103184.0,983.0
34834,100102,103175.0,103189.0,3073.0
34844,101644,103175.0,103192.0,1531.0
34830,99717,103175.0,103199.0,3458.0
34849,102189,103175.0,103199.0,986.0
34853,102678,103175.0,103255.0,497.0
34857,103229,103229.0,103315.0,0.0
34855,102958,103175.0,103425.0,217.0
34848,102047,103175.0,103456.0,1128.0
34831,99744,103175.0,103532.0,3431.0
34835,100231,103532.0,103699.0,3301.0
34861,103428,103699.0,103825.0,271.0
34845,101690,103699.0,104194.0,2009.0
34836,100461,103699.0,104245.0,3238.0
34838,101060,103699.0,104282.0,2639.0
34865,104033,104194.0,104372.0,161.0
34864,103956,103956.0,104629.0,0.0
34866,104250,104250.0,104686.0,0.0
34869,104692,104692.0,104699.0,0.0
34868,104688,104688.0,104707.0,0.0
34876,105062,105062.0,105449.0,0.0
34871,104794,104794.0,105761.0,0.0
34878,105678,105678.0,105851.0,0.0
34879,105812,105812.0,105983.0,0.0
34881,106054,106054.0,106197.0,0.0
34887,106499,106499.0,106644.0,0.0
34883,106310,106310.0,106982.0,0.0
34891,106987,106987.0,107009.0,0.0
34889,106820,106820.0,107015.0,0.0
34892,107013,107013.0,107018.0,0.0
34893,107024,107024.0,107031.0,0.0
34895,107503,107503.0,107701.0,0.0
34901,107979,107979.0,108218.0,0.0
34902,108061,108061.0,108578.0,0.0
34905,108588,108588.0,108594.0,0.0
34904,108580,108580.0,108602.0,0.0
34906,108597,108597.0,108606.0,0.0
34907,108628,108628.0,108889.0,0.0
34917,109566,109815.0,109917.0,249.0
34927,111224,111224.0,111242.0,0.0
34930,111550,111550.0,111687.0,0.0
34909,108870,111570.0,111802.0,2700.0
34908,108716,111416.0,111871.0,2700.0
34918,109815,111871.0,112331.0,2056.0
34921,110725,112331.0,112749.0,1606.0
34928,111235,112749.0,112950.0,1514.0
34936,112418,112950.0,113010.0,532.0
34938,112766,112950.0,113043.0,184.0
34940,113036,113036.0,113253.0,0.0
34942,113447,113447.0,113855.0,0.0
34913,109337,114502.0,114785.0,5165.0
34957,116555,119855.0,120127.0,3300.0
34954,115330,122827.0,122883.0,7497.0
34955,115454,122883.0,123650.0,7429.0
34961,117269,123650.0,123658.0,6381.0
34970,118066,123650.0,123666.0,5584.0
34966,117663,123650.0,123669.0,5987.0
34969,117950,123669.0,123673.0,5719.0
34962,117474,123650.0,123739.0,6176.0
34959,116876,123650.0,124041.0,6774.0
34971,118127,123673.0,124187.0,5546.0
34979,119151,124041.0,124434.0,4890.0
35017,126975,130187.0,130237.0,3212.0
35018,127058,130187.0,130461.0,3129.0
34972,118130,124041.0,133237.0,5911.0
35019,127339,136461.0,147391.0,9122.0
35068,150853,153553.0,153739.0,2700.0
35072,153425,153739.0,153864.0,314.0
35069,151501,154201.0,154268.0,2700.0
35073,154165,154165.0,154371.0,0.0
35074,154608,154608.0,154781.0,0.0
35075,155047,155047.0,155443.0,0.0
35070,152781,155481.0,155678.0,2700.0
35071,153105,155805.0,156027.0,2700.0
35020,138273,147391.0,158315.0,9118.0
35076,157831,158315.0,158735.0,484.0
35077,158950,158950.0,163928.0,0.0
35092,162089,163928.0,163946.0,1839.0
35099,162773,163928.0,164147.0,1155.0
35103,163448,164147.0,164168.0,699.0
35101,163265,163946.0,164184.0,681.0
35111,163980,164184.0,164192.0,204.0
35110,163931,164184.0,164197.0,253.0
35088,161478,164178.0,164275.0,2700.0
35098,162665,163928.0,164381.0,1263.0
35104,163648,164168.0,164522.0,520.0
35089,161850,164550.0,164627.0,2700.0
35112,164169,164275.0,164668.0,106.0
35115,164743,164743.0,164758.0,0.0
35116,164750,164750.0,164773.0,0.0
35114,164460,164522.0,164808.0,62.0
35118,164903,164903.0,165178.0,0.0
35091,162011,164711.0,165182.0,2700.0
35121,165180,165180.0,165200.0,0.0
35122,165208,165208.0,165220.0,0.0
35123,165226,165226.0,165243.0,0.0
35125,165285,165285.0,165492.0,0.0
35137,167845,171182.0,171391.0,3337.0
35144,168372,171391.0,171403.0,3019.0
35145,168377,171391.0,171406.0,3014.0
35146,168432,171406.0,171693.0,2974.0
35140,168077,171492.0,171790.0,3415.0
35153,169536,171790.0,172198.0,2254.0
35157,169941,172198.0,172209.0,2257.0
35158,169945,172198.0,172220.0,2253.0
35173,171852,172198.0,172221.0,346.0
35148,168856,171693.0,172238.0,2837.0
35159,170027,172238.0,172396.0,2211.0
35156,169884,172198.0,172432.0,2314.0
35174,171862,172432.0,172555.0,570.0
35161,170207,172221.0,172696.0,2014.0
35162,170355,172396.0,172719.0,2041.0
35166,170978,172719.0,173124.0,1741.0
35164,170933,172696.0,173156.0,1763.0
35171,171592,173124.0,173382.0,1532.0
35177,179095,181795.0,182010.0,2700.0
35193,182369,182369.0,182384.0,0.0
35178,179420,182120.0,182430.0,2700.0
35194,182517,182517.0,182617.0,0.0
35179,179794,182430.0,182724.0,2636.0
35197,182732,182732.0,182876.0,0.0
35200,182869,182869.0,182893.0,0.0
35184,180315,182724.0,183104.0,2409.0
35202,183135,183135.0,183143.0,0.0
35187,180766,183104.0,183383.0,2338.0
35185,180697,183397.0,183420.0,2700.0
35186,180709,183409.0,183421.0,2700.0
35192,181987,183383.0,183764.0,1396.0
35195,182573,186121.0,186415.0,3548.0
35205,184034,186415.0,186501.0,2381.0
35218,187067,187067.0,187191.0,0.0
35208,184151,186415.0,187362.0,2264.0
35219,187348,187348.0,187447.0,0.0
35224,194565,197265.0,197686.0,2700.0
35228,196702,197686.0,198058.0,984.0
35230,197623,198058.0,198074.0,435.0
35203,183212,183764.0,198747.0,552.0
35225,195022,198747.0,199223.0,3725.0
35226,195553,198901.0,199351.0,3348.0
35227,196201,199223.0,199676.0,3022.0
35229,197118,199818.0,200405.0,2700.0
35231,204527,207227.0,218152.0,2700.0
35232,215458,218152.0,218239.0,2694.0
35255,218476,218476.0,218871.0,0.0
35258,218873,218873.0,218899.0,0.0
35262,218950,218950.0,218966.0,0.0
35284,221165,224239.0,224335.0,3074.0
35288,221545,224245.0,224372.0,2700.0
35285,221312,224239.0,224385.0,2927.0
35312,224822,224822.0,224944.0,0.0
35313,224974,224974.0,225079.0,0.0
35261,218948,218948.0,229875.0,0.0
35366,230770,230770.0,230897.0,0.0
35368,230968,230968.0,231086.0,0.0
35374,231339,231339.0,231437.0,0.0
35375,231472,231472.0,231583.0,0.0
35421,236883,239583.0,239742.0,2700.0
35428,237128,239828.0,239924.0,2700.0
35429,237403,240103.0,240220.0,2700.0
35434,238040,240740.0,240850.0,2700.0
35509,246356,249056.0,249167.0,2700.0
35512,246573,249167.0,249273.0,2594.0
35514,246773,249273.0,249379.0,2500.0
35517,246963,249379.0,249486.0,2416.0
35518,247147,249486.0,249597.0,2339.0
35521,247351,249597.0,249598.0,2246.0
35522,247363,249598.0,249705.0,2235.0
35536,248964,249705.0,249726.0,741.0
35523,247488,249705.0,249761.0,2217.0
35526,247747,249705.0,249761.0,1958.0
35532,248445,249705.0,249761.0,1260.0
35538,249194,249705.0,249761.0,511.0
35525,247578,249761.0,249866.0,2183.0
35527,247844,249866.0,249989.0,2022.0
35529,248045,249989.0,250096.0,1944.0
35531,248268,250096.0,250203.0,1828.0
35533,248530,250203.0,250309.0,1673.0
35534,248681,250309.0,250417.0,1628.0
35551,250528,250528.0,250551.0,0.0
35548,250344,250417.0,250568.0,73.0
35535,248824,250417.0,250640.0,1593.0
35547,250255,250417.0,250691.0,162.0
35552,250553,250640.0,250817.0,87.0
35555,250674,250691.0,251017.0,17.0
35560,250885,250885.0,251057.0,0.0
35537,249018,250417.0,251082.0,1399.0
35540,249724,251082.0,251200.0,1358.0
35542,249888,251200.0,251321.0,1312.0
35543,249992,251321.0,251514.0,1329.0
35544,250074,251514.0,251636.0,1440.0
35546,250247,251636.0,251757.0,1389.0
35550,250413,251757.0,251887.0,1344.0
35553,250581,251887.0,252014.0,1306.0
35577,251624,252014.0,252041.0,390.0
35578,251661,252014.0,252097.0,353.0
35585,252088,252097.0,252222.0,9.0
35589,252173,252222.0,252250.0,49.0
35568,251173,252014.0,252280.0,841.0
35564,251060,252014.0,252287.0,954.0
35573,251471,252014.0,252293.0,543.0
35581,251810,252041.0,252314.0,231.0
35590,252216,252250.0,252326.0,34.0
35554,250668,252014.0,252476.0,1346.0
35493,244640,247340.0,252502.0,2700.0
35556,250760,252476.0,252598.0,1716.0
35562,250944,252598.0,252673.0,1654.0
35565,251065,252673.0,252713.0,1608.0
35567,251141,252713.0,252752.0,1572.0
35569,251225,252752.0,252783.0,1527.0
35570,251287,252783.0,252815.0,1496.0
35571,251353,252815.0,252851.0,1462.0
35572,251420,252851.0,252888.0,1431.0
35574,251511,252888.0,252929.0,1377.0
35579,251726,252502.0,252936.0,776.0
35576,251598,252929.0,252952.0,1331.0
35580,251809,252952.0,252989.0,1143.0
35582,251912,252989.0,253038.0,1077.0
35583,251980,253038.0,253079.0,1058.0
35584,252070,253079.0,253118.0,1009.0
35588,252171,253118.0,253178.0,947.0
35587,252132,252936.0,253210.0,804.0
35596,252476,252936.0,253212.0,460.0
35591,252273,253178.0,253214.0,905.0
35601,252607,253210.0,253220.0,603.0
35592,252350,253214.0,253251.0,864.0
35593,252410,253251.0,253252.0,841.0
35558,250786,252502.0,253258.0,1716.0
35610,252897,253210.0,253282.0,313.0
35594,252418,253252.0,253283.0,834.0
35597,252489,253283.0,253329.0,794.0
35599,252565,253329.0,253363.0,764.0
35603,252633,253363.0,253404.0,730.0
35605,252720,253404.0,253457.0,684.0
35606,252721,253258.0,253462.0,537.0
35613,253465,253465.0,253479.0,0.0
35608,252806,253212.0,253497.0,406.0
35609,252858,253457.0,253518.0,599.0
35615,253633,253633.0,253641.0,0.0
35614,253567,253567.0,253756.0,0.0
35618,253765,253765.0,253853.0,0.0
35611,253053,253462.0,253873.0,409.0
35617,253694,253694.0,253950.0,0.0
35624,254279,254279.0,254395.0,0.0
35626,254364,254364.0,254450.0,0.0
35627,254467,254467.0,254488.0,0.0
35620,254076,254076.0,254532.0,0.0
35628,254513,254513.0,254541.0,0.0
35629,254534,254534.0,254552.0,0.0
35630,254554,254554.0,254589.0,0.0
35631,254711,254711.0,254734.0,0.0
35634,255060,255060.0,255068.0,0.0
35633,254906,254906.0,255137.0,0.0
35635,255136,255136.0,255143.0,0.0
35637,255391,255391.0,255393.0,0.0
35638,255419,255419.0,255447.0,0.0
35639,255447,255447.0,255517.0,0.0
35644,255724,255724.0,255753.0,0.0
35646,255773,255773.0,255798.0,0.0
35647,255806,255806.0,255832.0,0.0
35648,255884,255884.0,255910.0,0.0
35649,255940,255940.0,255967.0,0.0
35651,256372,256372.0,256398.0,0.0
35657,256744,259518.0,259543.0,2774.0
35668,257432,259543.0,259570.0,2111.0
35669,257568,259570.0,259596.0,2002.0
35674,257818,259596.0,259626.0,1778.0
35676,258013,259596.0,259639.0,1583.0
35678,258069,259626.0,259657.0,1557.0
35680,258278,259657.0,259684.0,1379.0
35679,258229,259639.0,259693.0,1410.0
35701,259309,259693.0,259780.0,384.0
35681,258330,259684.0,260008.0,1354.0
35686,258430,260008.0,260029.0,1578.0
35688,258540,260029.0,260046.0,1489.0
35693,258750,260046.0,260060.0,1296.0
35697,258924,260060.0,260092.0,1136.0
35705,260095,260095.0,260119.0,0.0
35708,260272,260272.0,260359.0,0.0
35654,256617,260395.0,260423.0,3778.0
35664,257215,260404.0,260430.0,3189.0
35655,256677,260423.0,260449.0,3746.0
35658,256918,260430.0,260456.0,3512.0
35670,257648,260404.0,260463.0,2756.0
35691,258733,260456.0,260466.0,1723.0
35672,257704,260450.0,260476.0,2746.0
35661,257115,260449.0,260480.0,3334.0
35671,257664,260364.0,260513.0,2700.0
35709,260474,260474.0,260563.0,0.0
35673,257798,260480.0,260658.0,2682.0
35711,260660,260660.0,260675.0,0.0
35687,258457,260658.0,260699.0,2201.0
35692,258742,260699.0,260721.0,1957.0
35712,260738,260738.0,260760.0,0.0
35699,258974,260721.0,260766.0,1747.0
35713,260763,260763.0,260772.0,0.0
35677,258066,260658.0,260785.0,2592.0
35683,258378,260785.0,260814.0,2407.0
35704,260003,260814.0,260932.0,811.0
35715,260916,260916.0,260937.0,0.0
35685,258423,260814.0,261053.0,2391.0
35690,258710,261053.0,261065.0,2343.0
35717,261043,261043.0,261072.0,0.0
35719,261110,261110.0,261142.0,0.0
35684,258383,261083.0,261168.0,2700.0
35722,261316,261316.0,261391.0,0.0
35723,261415,261415.0,261443.0,0.0
35721,261188,261188.0,261572.0,0.0
35724,261451,261451.0,261588.0,0.0
35731,261735,261735.0,261757.0,0.0
35730,261721,261721.0,262095.0,0.0
35695,258805,261065.0,262111.0,2260.0
35703,259855,261065.0,262164.0,1210.0
35733,262125,262125.0,262193.0,0.0
35714,260809,262164.0,262295.0,1355.0
35707,260189,262111.0,262580.0,1922.0
35726,261473,261473.0,262655.0,0.0
35738,262778,262778.0,262910.0,0.0
35737,262757,262778.0,262928.0,21.0
35716,260967,262295.0,262963.0,1328.0
35734,262207,262963.0,263635.0,756.0
35745,263767,263767.0,263942.0,0.0
35747,263788,263788.0,264216.0,0.0
35749,264023,264023.0,264221.0,0.0
35756,264248,264248.0,264387.0,0.0
35755,264218,264248.0,264418.0,30.0
35720,261173,262580.0,264474.0,1407.0
35757,264267,264474.0,264541.0,207.0
35760,264604,264604.0,264720.0,0.0
35761,264625,264625.0,264723.0,0.0
35754,264208,264474.0,266372.0,266.0
35776,265355,266372.0,266379.0,1017.0
35772,265165,266372.0,266392.0,1207.0
35771,265106,266372.0,266393.0,1266.0
35774,265230,266372.0,266394.0,1142.0
35739,262882,263635.0,266456.0,753.0
35775,265284,266372.0,266457.0,1088.0
35780,266128,266372.0,266460.0,244.0
35785,266458,266458.0,266470.0,0.0
35788,266514,266529.0,266557.0,15.0
35781,266277,266456.0,266561.0,179.0
35789,266529,266529.0,266591.0,0.0
35748,263864,266564.0,266608.0,2700.0
35791,266648,266648.0,266669.0,0.0
35792,266693,266693.0,266708.0,0.0
35793,266726,266726.0,266741.0,0.0
35794,266776,266776.0,266791.0,0.0
35750,264068,266768.0,266798.0,2700.0
35751,264106,266806.0,266850.0,2700.0
35752,264133,266833.0,266864.0,2700.0
35753,264178,266878.0,266914.0,2700.0
35758,264322,267022.0,267049.0,2700.0
35764,264801,267501.0,267523.0,2700.0
35652,256576,256576.0,267548.0,0.0
35768,264983,267757.0,267765.0,2774.0
35770,265031,267757.0,267777.0,2726.0
35767,264956,267757.0,267779.0,2801.0
35773,265211,267911.0,267928.0,2700.0
35802,268055,268055.0,268106.0,0.0
35786,266459,266591.0,268158.0,132.0
35799,267968,268158.0,268179.0,190.0
35800,268001,268179.0,268226.0,178.0
35805,268635,268635.0,268719.0,0.0
35807,268890,268890.0,269035.0,0.0
35778,265832,266456.0,269416.0,624.0
35808,268905,269416.0,269500.0,511.0
35812,269450,269627.0,269717.0,177.0
35818,269661,269661.0,269758.0,0.0
35816,269627,269660.0,269772.0,33.0
35821,269832,269832.0,269905.0,0.0
35822,270054,270054.0,270124.0,0.0
35653,256614,259314.0,270250.0,2700.0
35823,270192,270192.0,270271.0,0.0
35801,268054,268226.0,270910.0,172.0
35828,270674,271217.0,271268.0,543.0
35827,270449,271217.0,271311.0,768.0
35832,271346,271346.0,271457.0,0.0
35806,268808,268808.0,271487.0,0.0
35833,271387,271457.0,271528.0,70.0
35810,269103,271528.0,271562.0,2425.0
35835,271478,271562.0,271769.0,84.0
35837,271608,271769.0,271777.0,161.0
35847,272637,272637.0,272655.0,0.0
35849,272670,272670.0,272691.0,0.0
35826,270419,271217.0,272891.0,798.0
35850,272849,272849.0,273005.0,0.0
35825,270391,273091.0,273141.0,2700.0
35830,270742,273442.0,273462.0,2700.0
35831,270751,273928.0,274028.0,3177.0
35838,271741,274028.0,274267.0,2287.0
35842,272018,274267.0,274559.0,2249.0
35846,272578,274559.0,274687.0,1981.0
35865,274192,274687.0,274704.0,495.0
35864,274188,274687.0,274828.0,499.0
35867,274225,274704.0,274841.0,479.0
35877,274682,274828.0,274867.0,146.0
35873,274451,274828.0,274874.0,377.0
35880,274826,274867.0,274909.0,41.0
35879,274797,274841.0,275113.0,44.0
35885,275234,275234.0,275266.0,0.0
35888,275485,275485.0,275523.0,0.0
35890,275634,275634.0,275675.0,0.0
35891,275689,275689.0,275734.0,0.0
35892,275725,275725.0,275763.0,0.0
35836,271581,275841.0,275852.0,4260.0
35893,275741,275741.0,275892.0,0.0
35894,275764,275764.0,275892.0,0.0
35861,274015,275852.0,275894.0,1837.0
35896,275966,275966.0,276007.0,0.0
35863,274047,275894.0,276041.0,1847.0
35866,274205,276041.0,276051.0,1836.0
35868,274237,276051.0,276094.0,1814.0
35870,274325,276094.0,276117.0,1769.0
35871,274369,276117.0,276118.0,1748.0
35872,274378,276118.0,276138.0,1740.0
35876,274671,276138.0,276162.0,1467.0
35881,275018,276162.0,276229.0,1144.0
35853,273508,276208.0,276263.0,2700.0
35897,276232,276232.0,276269.0,0.0
35898,276295,276295.0,276335.0,0.0
35851,273009,275852.0,276341.0,2843.0
35858,273798,276341.0,276546.0,2543.0
35860,273818,276518.0,276556.0,2700.0
35900,276558,276558.0,276596.0,0.0
35875,274536,276546.0,276610.0,2010.0
35901,276612,276612.0,276645.0,0.0
35845,272246,275035.0,276677.0,2789.0
35862,274015,276715.0,276835.0,2700.0
35904,276787,276787.0,276868.0,0.0
35902,276649,276649.0,276958.0,0.0
35903,276671,276671.0,276958.0,0.0
35905,277068,277068.0,277089.0,0.0
35906,277098,277098.0,277161.0,0.0
35907,277130,277130.0,277236.0,0.0
35908,277152,277152.0,277236.0,0.0
35910,277218,277218.0,277259.0,0.0
35909,277159,277159.0,277295.0,0.0
35911,277429,277429.0,277652.0,0.0
35914,277658,277658.0,277696.0,0.0
35915,277710,277710.0,277748.0,0.0
35916,277791,277791.0,277843.0,0.0
35917,277891,277891.0,277928.0,0.0
35913,277584,277584.0,277946.0,0.0
35912,277562,277562.0,277947.0,0.0
35918,277982,277982.0,278030.0,0.0
35889,275544,275544.0,278405.0,0.0
35919,278115,278115.0,278536.0,0.0
35920,278315,278315.0,278546.0,0.0
35921,278541,278541.0,278579.0,0.0
35922,278594,278594.0,278653.0,0.0
35923,278686,278686.0,278692.0,0.0
35924,278693,278693.0,278781.0,0.0
35925,278768,278768.0,279208.0,0.0
35926,279222,279222.0,279290.0,0.0
35927,279266,279266.0,279295.0,0.0
35928,279295,279295.0,279343.0,0.0
35930,279349,279349.0,279355.0,0.0
35931,279357,279357.0,279363.0,0.0
35933,279372,279372.0,279375.0,0.0
35929,279345,279345.0,279383.0,0.0
35932,279364,279364.0,279438.0,0.0
35936,279695,279695.0,279762.0,0.0
35937,279856,279856.0,279929.0,0.0
35935,279611,279611.0,280107.0,0.0
35938,279934,279934.0,280157.0,0.0
35940,280228,280272.0,280315.0,44.0
35819,269711,269711.0,280650.0,0.0
35817,269660,271562.0,282551.0,1902.0
35939,280161,282551.0,282637.0,2390.0
35934,279601,279601.0,282795.0,0.0
35947,281146,282795.0,282908.0,1649.0
35948,281265,282908.0,283032.0,1643.0
35950,282805,283032.0,283114.0,227.0
35943,280436,283136.0,283183.0,2700.0
35951,282892,283114.0,283230.0,222.0
35952,283325,283325.0,283331.0,0.0
35944,280488,283350.0,283442.0,2862.0
35945,280584,283652.0,283764.0,3068.0
35954,283835,283835.0,283943.0,0.0
35955,284026,284026.0,284039.0,0.0
35953,283446,283446.0,284591.0,0.0
35957,285002,285002.0,285097.0,0.0
35958,285120,285120.0,285246.0,0.0
35959,285440,285440.0,285549.0,0.0
35946,280666,284546.0,285654.0,3880.0
35960,285681,285681.0,285786.0,0.0
35961,286184,286184.0,286290.0,0.0
35949,282764,285464.0,286508.0,2700.0
35962,286842,286842.0,286982.0,0.0
35963,287174,287174.0,287421.0,0.0
35956,284617,284617.0,287538.0,0.0
35964,287447,287447.0,287539.0,0.0
35942,280337,280337.0,287540.0,0.0
35965,287546,287546.0,287566.0,0.0
35967,288504,288504.0,288583.0,0.0
35966,288449,288449.0,288627.0,0.0
35970,288588,288588.0,288671.0,0.0
35971,288651,288651.0,288679.0,0.0
35972,288688,288688.0,288722.0,0.0
35973,288709,288709.0,288733.0,0.0
35974,288928,288928.0,289147.0,0.0
35975,288985,288985.0,289152.0,0.0
35941,280272,282637.0,289904.0,2365.0
35969,288529,291229.0,291236.0,2700.0
35968,288510,291210.0,291336.0,2700.0
35976,289046,291746.0,291751.0,2700.0
35977,289062,291762.0,291768.0,2700.0
35978,292412,292412.0,292447.0,0.0
35979,292742,292742.0,292767.0,0.0
35980,292774,295474.0,295580.0,2700.0
35981,292783,295483.0,295581.0,2700.0
35984,292968,295668.0,295672.0,2700.0
35983,292950,295650.0,295692.0,2700.0
35986,293028,295728.0,295732.0,2700.0
35982,292945,295645.0,295745.0,2700.0
35987,293041,295741.0,295747.0,2700.0
35985,293002,295702.0,295753.0,2700.0
35988,293058,295758.0,295761.0,2700.0
35989,293304,296004.0,296007.0,2700.0
35990,295575,298707.0,299450.0,3132.0
35991,296608,299450.0,299950.0,2842.0
35993,297505,299950.0,300422.0,2445.0
35995,298176,300422.0,300486.0,2246.0
35996,298320,300422.0,300545.0,2102.0
35997,298490,300545.0,300617.0,2055.0
35994,298131,300422.0,300795.0,2291.0
35999,298649,300795.0,300847.0,2146.0
36000,298762,300847.0,301128.0,2085.0
36001,299106,301128.0,301133.0,2022.0
35998,298627,300617.0,301477.0,1990.0
35992,297112,299950.0,306135.0,2838.0
36008,304822,306135.0,306145.0,1313.0
36013,305442,306135.0,306223.0,693.0
36009,304857,306135.0,306233.0,1278.0
36010,305026,306135.0,306234.0,1109.0
36011,305178,306135.0,306247.0,957.0
36020,306437,306437.0,306544.0,0.0
36021,306649,306649.0,306737.0,0.0
36023,306808,306808.0,306903.0,0.0
36024,307013,307013.0,307103.0,0.0
36005,304596,307296.0,307324.0,2700.0
36006,304653,307353.0,307449.0,2700.0
36002,303302,310149.0,310240.0,6847.0
36044,310240,310240.0,310475.0,0.0
36045,310504,310504.0,310752.0,0.0
36047,310785,310785.0,310866.0,0.0
36048,311000,311000.0,311121.0,0.0
36063,314076,316776.0,316888.0,2700.0
36003,303397,310240.0,321165.0,6843.0
36104,321523,321523.0,321662.0,0.0
36091,319096,321796.0,321901.0,2700.0
36108,321820,321820.0,321928.0,0.0
36092,319266,321966.0,322050.0,2700.0
36094,319490,322190.0,322217.0,2700.0
36095,319526,322226.0,322323.0,2700.0
36111,322246,322246.0,322363.0,0.0
36113,322449,322449.0,322559.0,0.0
36114,322628,322628.0,322729.0,0.0
36116,322817,322817.0,322920.0,0.0
36117,323017,323017.0,323113.0,0.0
36120,323236,323236.0,323354.0,0.0
36126,324524,324524.0,324624.0,0.0
36129,324685,328323.0,329070.0,3638.0
36143,327007,329070.0,329074.0,2063.0
36146,327409,329070.0,329076.0,1661.0
36131,325894,329070.0,329077.0,3176.0
36142,326988,329070.0,329078.0,2082.0
36141,326658,329070.0,329081.0,2412.0
36147,327437,329070.0,329083.0,1633.0
36139,326599,329070.0,329085.0,2471.0
36134,326279,329070.0,329092.0,2791.0
36132,325915,329070.0,330171.0,3155.0
36145,327355,330171.0,330199.0,2816.0
36148,327512,330199.0,330543.0,2687.0
36154,328184,330543.0,331284.0,2359.0
36165,331014,331284.0,331289.0,270.0
36166,331068,331284.0,331289.0,216.0
36168,331435,331435.0,331446.0,0.0
36169,331521,331521.0,331526.0,0.0
36170,331551,331551.0,331567.0,0.0
36171,331623,331623.0,331627.0,0.0
36176,331809,331809.0,331828.0,0.0
36178,332041,332041.0,332046.0,0.0
36179,332299,332299.0,332307.0,0.0
36182,332680,332680.0,332729.0,0.0
36192,333380,333380.0,333392.0,0.0
36181,332543,332543.0,333446.0,0.0
36194,333457,333457.0,333637.0,0.0
36195,333469,333637.0,333706.0,168.0
36198,333896,333896.0,333909.0,0.0
36199,333961,333961.0,333973.0,0.0
36202,334130,334130.0,334149.0,0.0
36206,334266,334266.0,334280.0,0.0
36209,334471,334471.0,334484.0,0.0
36156,329076,331284.0,335005.0,2208.0
36216,334774,335005.0,335010.0,231.0
36213,334672,335005.0,335031.0,333.0
36187,333217,335005.0,335190.0,1788.0
36190,333334,335190.0,335225.0,1856.0
36196,333474,335225.0,335359.0,1751.0
36201,334105,335359.0,335646.0,1254.0
36227,335400,335646.0,335661.0,246.0
36231,335717,335717.0,335729.0,0.0
36232,335836,335836.0,335841.0,0.0
36203,334143,335646.0,335895.0,1503.0
36205,334203,335895.0,335921.0,1692.0
36207,334270,335921.0,335947.0,1651.0
36233,335899,335947.0,335958.0,48.0
36208,334378,335947.0,336001.0,1569.0
36211,334612,336001.0,336223.0,1389.0
36212,334657,336223.0,336258.0,1566.0
36215,334714,336258.0,336287.0,1544.0
36217,334817,336287.0,336337.0,1470.0
36242,336689,336689.0,336698.0,0.0
36243,336917,336917.0,336939.0,0.0
36183,332799,333446.0,337174.0,647.0
36220,334889,337174.0,337214.0,2285.0
36186,333125,337284.0,337306.0,4159.0
36185,333056,337284.0,337315.0,4228.0
36237,336089,337306.0,337333.0,1217.0
36228,335504,337306.0,337352.0,1802.0
36230,335690,337306.0,337352.0,1616.0
36225,335219,337306.0,337353.0,2087.0
36223,334958,337214.0,337442.0,2256.0
36226,335231,337353.0,337498.0,2122.0
36241,336572,337498.0,337546.0,926.0
36248,337339,337498.0,337551.0,159.0
36239,336236,337498.0,337559.0,1262.0
36251,337519,337519.0,337561.0,0.0
36229,335540,337442.0,337569.0,1902.0
36253,337569,337569.0,337585.0,0.0
36246,337017,337498.0,337624.0,481.0
36238,336153,337498.0,337638.0,1345.0
36255,337621,337621.0,337717.0,0.0
36244,336943,337569.0,337824.0,626.0
36260,338038,338038.0,338070.0,0.0
36235,335948,337498.0,338130.0,1550.0
36234,335915,337498.0,338161.0,1583.0
36258,337872,338161.0,338307.0,289.0
36252,337536,338130.0,338355.0,594.0
36263,338809,338809.0,338936.0,0.0
36264,338877,338877.0,338951.0,0.0
36266,338958,338958.0,339015.0,0.0
36265,338945,338945.0,339066.0,0.0
36268,339179,339179.0,339207.0,0.0
36259,338000,338161.0,339416.0,161.0
36274,339397,339416.0,339485.0,19.0
36273,339389,339389.0,339502.0,0.0
36275,339508,339508.0,339616.0,0.0
36276,339600,339600.0,339620.0,0.0
36277,339652,339652.0,339821.0,0.0
36278,339803,339803.0,339840.0,0.0
36280,339863,339863.0,339902.0,0.0
36281,339899,339899.0,340337.0,0.0
36284,340339,340339.0,340356.0,0.0
36285,340372,340372.0,340383.0,0.0
36282,340191,340191.0,340418.0,0.0
36245,336960,337824.0,340453.0,864.0
36286,340448,340448.0,340676.0,0.0
36287,340512,340512.0,341300.0,0.0
36293,341235,341235.0,341317.0,0.0
36294,341302,341302.0,341318.0,0.0
36295,341328,341328.0,341338.0,0.0
36299,341935,341935.0,342009.0,0.0
36300,342105,342105.0,342145.0,0.0
36297,341382,341382.0,342173.0,0.0
36304,342180,342180.0,342193.0,0.0
36303,342178,342178.0,342203.0,0.0
36302,342170,342170.0,342218.0,0.0
36307,342243,342243.0,342296.0,0.0
36306,342231,342231.0,342391.0,0.0
36311,342375,342375.0,342420.0,0.0
36314,342449,342449.0,342456.0,0.0
36312,342440,342440.0,342464.0,0.0
36315,342471,342471.0,342488.0,0.0
36316,342471,342471.0,342684.0,0.0
36319,342781,342781.0,342841.0,0.0
36318,342498,342781.0,342967.0,283.0
36322,343133,343133.0,343173.0,0.0
36320,342898,343133.0,343181.0,235.0
36309,342295,342296.0,343245.0,1.0
36326,343309,343309.0,343343.0,0.0
36328,343431,343431.0,343475.0,0.0
36330,343492,343492.0,343519.0,0.0
36323,343190,345902.0,345921.0,2712.0
36351,344890,346032.0,346050.0,1142.0
36324,343213,345913.0,346057.0,2700.0
36325,343235,345935.0,346059.0,2700.0
36355,345097,346050.0,346081.0,953.0
36349,344840,346059.0,346097.0,1219.0
36352,344996,346097.0,346127.0,1101.0
36354,345095,346127.0,346151.0,1032.0
36347,344733,346057.0,346193.0,1324.0
36331,343500,346200.0,346217.0,2700.0
36357,345157,346151.0,346249.0,994.0
36361,345443,346249.0,346293.0,806.0
36356,345132,346193.0,346316.0,1061.0
36364,345549,346293.0,346338.0,744.0
36332,343522,346222.0,346355.0,2700.0
36333,343545,346245.0,346358.0,2700.0
36368,345866,346338.0,346372.0,472.0
36369,345920,346355.0,346373.0,435.0
36371,346147,346358.0,346375.0,211.0
36370,345981,346355.0,346392.0,374.0
36372,346191,346372.0,346392.0,181.0
36373,346263,346373.0,346396.0,110.0
36378,346453,346453.0,346472.0,0.0
36374,346329,346375.0,346476.0,46.0
36358,345310,346316.0,346513.0,1006.0
36377,346447,346447.0,346550.0,0.0
36336,343828,346528.0,346574.0,2700.0
36327,343332,346032.0,346626.0,2700.0
36337,343941,346655.0,346702.0,2714.0
36338,343955,346655.0,346710.0,2700.0
36379,346611,346611.0,346717.0,0.0
36375,346337,346626.0,346740.0,289.0
36339,343957,346787.0,346827.0,2830.0
36380,346641,346740.0,346845.0,99.0
36381,346753,346753.0,346863.0,0.0
36383,346858,346858.0,346955.0,0.0
36384,346957,346957.0,346977.0,0.0
36344,344256,346956.0,346981.0,2700.0
36345,344317,347017.0,347057.0,2700.0
36385,346984,346984.0,347081.0,0.0
36317,342494,345902.0,347138.0,3408.0
36341,344087,346787.0,347247.0,2700.0
36342,344116,346827.0,347260.0,2711.0
36334,343677,347138.0,347272.0,3461.0
36387,347226,347226.0,347329.0,0.0
36394,347541,347541.0,347575.0,0.0
36350,344886,347586.0,347618.0,2700.0
36348,344756,347456.0,347830.0,2700.0
36398,347897,347897.0,347928.0,0.0
36399,347941,347941.0,347973.0,0.0
36397,347848,347848.0,347995.0,0.0
36343,344127,347272.0,348024.0,3145.0
36401,348098,348098.0,348118.0,0.0
36391,347409,348024.0,348219.0,615.0
36335,343806,346528.0,348314.0,2722.0
36359,345332,346217.0,348816.0,885.0
36393,347480,348219.0,348833.0,739.0
36404,348850,348850.0,349014.0,0.0
36396,347759,348833.0,349062.0,1074.0
36365,345595,347272.0,349073.0,1677.0
36410,349203,349203.0,349306.0,0.0
36411,349309,349309.0,349327.0,0.0
36413,349530,349530.0,349629.0,0.0
36414,349632,349632.0,349649.0,0.0
36416,350129,350129.0,350241.0,0.0
36417,350243,350243.0,350262.0,0.0
36423,350541,350541.0,350543.0,0.0
36425,350585,350585.0,350608.0,0.0
36424,350579,350579.0,350955.0,0.0
36427,351171,351171.0,351196.0,0.0
36406,348871,348871.0,351197.0,0.0
36428,351198,351198.0,351367.0,0.0
36430,351386,351386.0,351427.0,0.0
36431,351396,351396.0,351455.0,0.0
36433,351592,351592.0,351614.0,0.0
36429,351222,351222.0,351616.0,0.0
36434,351617,351617.0,351790.0,0.0
36435,351640,351640.0,351854.0,0.0
36437,351856,351856.0,352084.0,0.0
36444,352114,352114.0,352156.0,0.0
36445,352115,352115.0,352182.0,0.0
36447,352261,352261.0,352283.0,0.0
36439,351882,351882.0,352285.0,0.0
36448,352286,352286.0,352448.0,0.0
36451,352471,352471.0,352502.0,0.0
36452,352505,352505.0,352515.0,0.0
36453,352506,352506.0,352526.0,0.0
36454,352525,352525.0,352533.0,0.0
36395,347610,348314.0,353756.0,704.0
36441,351971,354671.0,354705.0,2700.0
36442,352035,354735.0,354768.0,2700.0
36476,354776,354776.0,354965.0,0.0
36450,352322,355022.0,355132.0,2700.0
36440,351919,354619.0,355201.0,2700.0
36460,353180,353756.0,355473.0,576.0
36472,354532,355473.0,355564.0,941.0
36477,354827,355473.0,355602.0,646.0
36478,354838,355564.0,355646.0,726.0
36457,352943,355643.0,355653.0,2700.0
36455,352614,355314.0,355834.0,2700.0
36459,353148,355848.0,355851.0,2700.0
36468,353821,355201.0,355903.0,1380.0
36480,354957,355903.0,356098.0,946.0
36481,354973,355903.0,356115.0,930.0
36462,353462,356219.0,356230.0,2757.0
36464,353519,356219.0,356232.0,2700.0
36491,356595,356595.0,356604.0,0.0
36471,354437,357137.0,357285.0,2700.0
36484,355202,356115.0,357295.0,913.0
36473,354536,357236.0,357304.0,2700.0
36499,357280,357280.0,357318.0,0.0
36501,357349,357349.0,357381.0,0.0
36474,354601,357301.0,357428.0,2700.0
36479,354930,355834.0,357489.0,904.0
36485,355211,357295.0,357519.0,2084.0
36502,357542,357625.0,357680.0,83.0
36492,356606,357519.0,357693.0,913.0
36469,354042,357137.0,357694.0,3095.0
36490,356391,357489.0,357929.0,1098.0
36503,357625,357929.0,358028.0,304.0
36505,357980,358028.0,358203.0,48.0
36497,357155,357693.0,358292.0,538.0
36507,358200,358203.0,358469.0,3.0
36508,358236,358292.0,358498.0,56.0
36511,358578,358578.0,358599.0,0.0
36510,358455,358498.0,358679.0,43.0
36515,358779,358779.0,358810.0,0.0
36512,358647,358679.0,358881.0,32.0
36519,358957,358957.0,359099.0,0.0
36506,358105,358203.0,359405.0,98.0
36522,359715,359715.0,359784.0,0.0
36532,361185,365405.0,365597.0,4220.0
36534,361392,365597.0,365796.0,4205.0
36547,363212,365912.0,365922.0,2700.0
36548,363229,365929.0,365932.0,2700.0
36549,363234,365934.0,365948.0,2700.0
36573,366707,366707.0,366816.0,0.0
36552,364073,366773.0,366938.0,2700.0
36539,362044,365796.0,366962.0,3752.0
36575,366912,366912.0,367040.0,0.0
36554,364394,366962.0,367112.0,2568.0
36555,364413,367113.0,367248.0,2700.0
36561,364808,367112.0,367271.0,2304.0
36562,365054,367271.0,367452.0,2217.0
36580,367676,367676.0,367834.0,0.0
36564,365261,367452.0,367841.0,2191.0
36585,367915,367915.0,367934.0,0.0
36587,367947,367947.0,368040.0,0.0
36550,363603,366962.0,368081.0,3359.0
36566,365784,367841.0,368097.0,2057.0
36576,366914,368081.0,368283.0,1167.0
36578,367466,368097.0,368300.0,631.0
36582,367731,368283.0,368465.0,552.0
36589,368381,368381.0,368484.0,0.0
36592,368510,368510.0,368519.0,0.0
36591,368508,368508.0,368529.0,0.0
36567,365883,368583.0,368612.0,2700.0
36588,368173,368300.0,368633.0,127.0
36594,368630,368630.0,368779.0,0.0
36595,368641,368641.0,368795.0,0.0
36596,368707,368707.0,368800.0,0.0
36597,368858,368858.0,368968.0,0.0
36604,369919,369919.0,369997.0,0.0
36607,370081,370081.0,370157.0,0.0
36606,370056,370056.0,370308.0,0.0
36608,370336,370336.0,370475.0,0.0
36615,370918,370918.0,371044.0,0.0
36593,368593,368593.0,373086.0,0.0
36610,370428,373128.0,373149.0,2700.0
36626,371918,373086.0,373153.0,1168.0
36609,370397,373097.0,373163.0,2700.0
36620,371399,373086.0,373215.0,1687.0
36629,372284,373163.0,373220.0,879.0
36628,372010,373153.0,373249.0,1143.0
36631,372346,373215.0,373279.0,869.0
36640,373163,373215.0,373329.0,52.0
36641,373265,373265.0,373334.0,0.0
36642,373354,373354.0,373416.0,0.0
36644,373470,373470.0,373530.0,0.0
36645,373539,373539.0,373650.0,0.0
36618,371143,373843.0,373859.0,2700.0
36646,373800,373800.0,373916.0,0.0
36650,373928,373928.0,374057.0,0.0
36654,374394,374394.0,374568.0,0.0
36624,371725,374612.0,374736.0,2887.0
36656,374667,374667.0,374776.0,0.0
36622,371547,374795.0,374853.0,3248.0
36653,374356,374356.0,374854.0,0.0
36623,371654,374795.0,374865.0,3141.0
36625,371829,374800.0,374878.0,2971.0
36619,371172,374795.0,374901.0,3623.0
36658,374961,374961.0,375129.0,0.0
36632,372373,375073.0,375217.0,2700.0
36520,359316,359316.0,375235.0,0.0
36661,375246,375246.0,375400.0,0.0
36637,372623,375323.0,375444.0,2700.0
36664,375536,375536.0,375664.0,0.0
36638,372868,375568.0,375682.0,2700.0
36668,375815,375815.0,375929.0,0.0
36669,376032,376032.0,376159.0,0.0
36657,374937,374937.0,376204.0,0.0
36671,376206,376206.0,376219.0,0.0
36672,376226,376226.0,376352.0,0.0
36680,377360,377371.0,377378.0,11.0
36681,377371,377371.0,377380.0,0.0
36449,352307,352307.0,377515.0,0.0
36660,375141,375141.0,377520.0,0.0
36679,377331,380220.0,386798.0,2889.0
36687,384718,386798.0,386954.0,2080.0
36682,377527,381682.0,388550.0,4155.0
36684,384404,394550.0,394655.0,10146.0
36685,384513,394655.0,405579.0,10142.0
36762,395445,408279.0,408368.0,12834.0
36763,395538,408368.0,419292.0,12830.0
36806,410270,419292.0,419295.0,9022.0
36875,415811,419292.0,419306.0,3481.0
36855,413938,419292.0,419308.0,5354.0
36807,410291,419292.0,419309.0,9001.0
36816,410955,419292.0,419309.0,8337.0
36817,410980,419292.0,419309.0,8312.0
36821,411101,419292.0,419310.0,8191.0
36882,417602,419292.0,419313.0,1690.0
36818,411010,419292.0,419314.0,8282.0
36845,413270,419292.0,419322.0,6022.0
36810,410351,419292.0,419327.0,8941.0
36900,419272,419309.0,419328.0,37.0
36819,411052,419292.0,419329.0,8240.0
36883,417650,419292.0,419329.0,1642.0
36889,417847,419314.0,419330.0,1467.0
36884,417697,419295.0,419334.0,1598.0
36888,417772,419306.0,419342.0,1534.0
36896,419068,419308.0,419342.0,240.0
36804,410112,419292.0,419346.0,9180.0
36899,419228,419342.0,419347.0,114.0
36847,413329,419292.0,419348.0,5963.0
36805,410206,419292.0,419363.0,9086.0
36894,418469,419328.0,419389.0,859.0
36886,417763,419310.0,419390.0,1547.0
36848,413414,419292.0,419396.0,5878.0
36861,414126,419329.0,419399.0,5203.0
36824,411141,419292.0,419400.0,8151.0
36822,411123,419292.0,419408.0,8169.0
36885,417740,419309.0,419413.0,1569.0
36898,419132,419322.0,419417.0,190.0
36867,414544,419363.0,419424.0,4819.0
36897,419111,419330.0,419445.0,219.0
36849,413422,419348.0,419449.0,5926.0
36877,416120,419396.0,419465.0,3276.0
36874,415552,419396.0,419470.0,3844.0
36879,416907,419399.0,419472.0,2492.0
36881,417303,419400.0,419482.0,2097.0
36860,414103,419424.0,419516.0,5321.0
36904,419528,419528.0,419537.0,0.0
36903,419429,419516.0,419551.0,87.0
36866,414516,419465.0,419552.0,4949.0
36893,417971,419400.0,419559.0,1429.0
36827,411438,419292.0,419574.0,7854.0
36836,411996,419574.0,419602.0,7578.0
36837,412106,419602.0,420054.0,7496.0
36876,416101,420054.0,420140.0,3953.0
36873,415528,420054.0,420150.0,4526.0
36878,416888,420140.0,420229.0,3252.0
36880,417273,420150.0,420260.0,2877.0
36905,419587,420260.0,420270.0,673.0
36910,419985,420260.0,420270.0,275.0
36911,419999,420260.0,420271.0,261.0
36909,419879,420260.0,420285.0,381.0
36895,418559,420229.0,420290.0,1670.0
36853,413661,420054.0,420328.0,6393.0
36868,414711,420328.0,420406.0,5617.0
36869,414857,420406.0,420492.0,5549.0
36914,420309,420492.0,420513.0,183.0
36907,419673,420492.0,420554.0,819.0
36917,420572,420572.0,420587.0,0.0
36887,417769,420492.0,420631.0,2723.0
36916,420395,420492.0,420650.0,97.0
36892,417927,420492.0,420690.0,2565.0
36906,419651,420631.0,420855.0,980.0
36921,420884,420884.0,420914.0,0.0
36908,419827,420690.0,420948.0,863.0
36923,420952,420952.0,420962.0,0.0
36912,420061,420855.0,421098.0,794.0
36925,421224,421224.0,421235.0,0.0
36926,421225,421225.0,421247.0,0.0
36915,420358,421098.0,421291.0,740.0
36902,419348,420492.0,421309.0,1144.0
36891,417908,420492.0,421323.0,2584.0
36928,421298,421298.0,421327.0,0.0
36901,419326,420492.0,421328.0,1166.0
36890,417886,420492.0,421342.0,2606.0
36918,420667,421291.0,421502.0,624.0
36931,421505,421505.0,421519.0,0.0
36919,420767,420767.0,421604.0,0.0
36920,420792,420792.0,421605.0,0.0
36922,420896,421502.0,421616.0,606.0
36932,421621,421621.0,421773.0,0.0
36924,421016,421616.0,421822.0,600.0
36935,421824,421824.0,421853.0,0.0
36927,421275,421822.0,421866.0,547.0
36929,421350,421866.0,421969.0,516.0
36938,422013,422013.0,422032.0,0.0
36930,421480,421969.0,422077.0,489.0
36934,421801,422077.0,422123.0,276.0
36936,421876,422123.0,422161.0,247.0
36937,421937,422161.0,422268.0,224.0
36939,422069,422268.0,422374.0,199.0
36933,421776,421776.0,422407.0,0.0
36940,422203,422374.0,422444.0,171.0
36942,422362,422444.0,422571.0,82.0
36941,422250,422407.0,422587.0,157.0
36943,422444,422571.0,422632.0,127.0
36947,422745,422745.0,422769.0,0.0
36944,422491,422587.0,422838.0,96.0
36945,422525,422587.0,422942.0,62.0
36913,420235,420948.0,422952.0,713.0
36949,422893,422952.0,423011.0,59.0
36950,422966,423011.0,423063.0,45.0
36951,423036,423063.0,423109.0,27.0
36952,423096,423109.0,423145.0,13.0
36953,423146,423146.0,423179.0,0.0
36954,423190,423190.0,423228.0,0.0
36955,423232,423232.0,423243.0,0.0
36948,422800,422838.0,423259.0,38.0
36956,423244,423244.0,423278.0,0.0
36957,423245,423259.0,423288.0,14.0
36959,423295,423295.0,423333.0,0.0
36961,423350,423350.0,423396.0,0.0
36962,423374,423374.0,423400.0,0.0
36963,423409,423409.0,423450.0,0.0
36965,423474,423474.0,423520.0,0.0
36966,423537,423537.0,423586.0,0.0
36968,423598,423598.0,423635.0,0.0
36969,423651,423651.0,423682.0,0.0
36958,423280,423280.0,423704.0,0.0
36960,423302,423302.0,423704.0,0.0
36970,423692,423692.0,423725.0,0.0
36971,423744,423744.0,423777.0,0.0
36964,423457,423457.0,423832.0,0.0
36974,423833,423833.0,423853.0,0.0
36976,423910,423910.0,423920.0,0.0
36975,423846,423846.0,423960.0,0.0
36979,423982,423982.0,424099.0,0.0
36981,424115,424115.0,424226.0,0.0
36983,424239,424239.0,424350.0,0.0
36985,424424,424424.0,424439.0,0.0
36984,424369,424369.0,424475.0,0.0
36980,423992,423992.0,424577.0,0.0
36988,424581,424581.0,424596.0,0.0
36987,424580,424580.0,424624.0,0.0
36986,424493,424493.0,424626.0,0.0
36993,424700,424700.0,424722.0,0.0
36989,424605,424605.0,424762.0,0.0
36990,424649,424649.0,424764.0,0.0
36991,424668,424668.0,424798.0,0.0
36995,424813,424813.0,424936.0,0.0
36996,424956,424956.0,425071.0,0.0
36997,425104,425104.0,425215.0,0.0
36999,425228,425228.0,425333.0,0.0
37000,425354,425354.0,425461.0,0.0
37002,425483,425483.0,425589.0,0.0
36994,424779,424779.0,425791.0,0.0
37006,425811,425811.0,425820.0,0.0
37007,425824,425824.0,425840.0,0.0
37009,425936,425936.0,426173.0,0.0
36972,423802,423802.0,426403.0,0.0
36973,423824,423824.0,426404.0,0.0
37008,425907,425907.0,426960.0,0.0
37014,426962,426962.0,426979.0,0.0
37016,427122,427122.0,427132.0,0.0
37019,427321,427321.0,427397.0,0.0
37021,427398,427398.0,427465.0,0.0
37023,427463,427463.0,427506.0,0.0
37026,427520,427520.0,427538.0,0.0
37011,426405,426405.0,427540.0,0.0
37012,426433,426433.0,427541.0,0.0
37024,427467,427467.0,427549.0,0.0
37029,427634,427634.0,427718.0,0.0
37030,427722,427722.0,427789.0,0.0
37031,427791,427791.0,427859.0,0.0
37033,427946,427946.0,427991.0,0.0
37017,427176,427176.0,428253.0,0.0
37036,428109,428253.0,428311.0,144.0
37035,428033,428253.0,428322.0,220.0
37037,428215,428311.0,428388.0,96.0
37027,427544,427544.0,428526.0,0.0
37028,427565,427565.0,428529.0,0.0
37041,428367,428388.0,429116.0,21.0
37046,428849,429116.0,429172.0,267.0
37044,428713,429116.0,429179.0,403.0
37047,429125,429179.0,429657.0,54.0
37054,429668,429668.0,429677.0,0.0
37056,429808,429808.0,429836.0,0.0
37057,429829,429829.0,429850.0,0.0
37059,430248,430248.0,430478.0,0.0
37061,430380,430478.0,430631.0,98.0
37034,427991,430691.0,430701.0,2700.0
37063,430553,430553.0,430799.0,0.0
37065,430796,430796.0,430818.0,0.0
37039,428260,430960.0,430976.0,2700.0
37038,428258,430960.0,430991.0,2702.0
37066,430845,430845.0,431005.0,0.0
37069,430965,430965.0,431039.0,0.0
37071,431212,431212.0,431268.0,0.0
37072,431347,431347.0,431415.0,0.0
37064,430592,430701.0,431467.0,109.0
37043,428513,431413.0,431489.0,2900.0
37067,430857,430857.0,431863.0,0.0
37068,430891,430891.0,431865.0,0.0
37078,431746,431746.0,431892.0,0.0
37042,428479,431791.0,431900.0,3312.0
37080,432163,432163.0,432245.0,0.0
37053,429605,432305.0,432322.0,2700.0
37083,432508,432508.0,432568.0,0.0
37081,432399,432399.0,432573.0,0.0
37060,430273,432973.0,433181.0,2700.0
37086,432866,432866.0,433332.0,0.0
37095,433341,433341.0,433355.0,0.0
37094,433337,433337.0,433360.0,0.0
37096,433447,433447.0,433940.0,0.0
37084,432723,432723.0,433983.0,0.0
37093,433268,433268.0,433984.0,0.0
37090,433124,433124.0,434099.0,0.0
37092,433147,433147.0,434101.0,0.0
37099,434072,434072.0,434173.0,0.0
37098,433985,433985.0,434546.0,0.0
37104,434569,434569.0,434593.0,0.0
37103,434564,434564.0,434599.0,0.0
37101,434301,434301.0,435261.0,0.0
37102,434324,434324.0,435263.0,0.0
37106,434658,434658.0,436062.0,0.0
37128,435915,436062.0,436065.0,147.0
37132,435940,436065.0,436068.0,125.0
37134,435982,436068.0,436071.0,86.0
37135,435995,436071.0,436074.0,76.0
37138,436265,436265.0,436268.0,0.0
37111,434964,437664.0,437685.0,2700.0
37108,434726,437426.0,437689.0,2700.0
37136,436064,437689.0,437692.0,1625.0
37137,436070,437692.0,437695.0,1622.0
37113,435014,437714.0,437721.0,2700.0
37114,435028,437728.0,437852.0,2700.0
37142,438132,438132.0,438157.0,0.0
37141,438103,438103.0,438158.0,0.0
37143,438135,438135.0,438194.0,0.0
37117,435631,438331.0,438380.0,2700.0
37116,435583,438283.0,438409.0,2700.0
37118,435695,438395.0,438413.0,2700.0
37119,435718,438418.0,438443.0,2700.0
37120,435739,438439.0,438443.0,2700.0
37122,435796,438496.0,438499.0,2700.0
37121,435774,438474.0,438500.0,2700.0
37123,435800,438500.0,438526.0,2700.0
37125,435849,438549.0,438552.0,2700.0
37126,435859,438559.0,438590.0,2700.0
37127,435887,438587.0,438590.0,2700.0
37145,438182,438590.0,438619.0,408.0
37131,435935,438635.0,438639.0,2700.0
37147,438254,438619.0,438675.0,365.0
37148,438299,438639.0,438682.0,340.0
37133,435950,438762.0,438765.0,2812.0
37124,435833,438533.0,438768.0,2700.0
37129,435928,439181.0,439184.0,3253.0
37156,439343,439343.0,439358.0,0.0
37150,438450,439181.0,439423.0,731.0
37149,438390,439184.0,439484.0,794.0
37151,438490,439181.0,439527.0,691.0
37157,439444,439444.0,439705.0,0.0
37158,439486,439486.0,439776.0,0.0
37160,439829,439829.0,439959.0,0.0
37168,440295,440295.0,440422.0,0.0
37170,440517,440517.0,440532.0,0.0
37171,440579,440579.0,440602.0,0.0
37169,440516,440516.0,440729.0,0.0
37144,438162,438552.0,440902.0,390.0
37174,440884,440902.0,440968.0,18.0
37175,440951,440968.0,441127.0,17.0
37146,438241,441290.0,441402.0,3049.0
37176,440993,441402.0,441761.0,409.0
37178,441187,441761.0,441916.0,574.0
37182,441684,441916.0,442201.0,232.0
37187,442344,442344.0,442461.0,0.0
37188,442705,442705.0,442736.0,0.0
37189,442711,442711.0,442739.0,0.0
37172,440718,440902.0,442891.0,184.0
37192,442914,442914.0,443123.0,0.0
37191,442814,442891.0,443307.0,77.0
37196,443237,443237.0,443308.0,0.0
37199,443357,443357.0,443359.0,0.0
37198,443311,443311.0,443705.0,0.0
37203,443709,443709.0,443724.0,0.0
37204,443710,443710.0,443732.0,0.0
37202,443654,443654.0,443835.0,0.0
37208,444008,444008.0,444048.0,0.0
37206,443872,443872.0,444137.0,0.0
37205,443787,443787.0,444295.0,0.0
37209,444297,444297.0,444313.0,0.0
37210,444307,444307.0,444316.0,0.0
37213,444597,444597.0,444749.0,0.0
37214,444703,444749.0,444792.0,46.0
37217,444890,444890.0,444965.0,0.0
37219,444932,444965.0,445085.0,33.0
37185,442199,444899.0,445093.0,2700.0
37222,445130,445130.0,445211.0,0.0
37223,445203,445203.0,445249.0,0.0
37211,444416,444416.0,445288.0,0.0
37226,445465,445465.0,445607.0,0.0
37153,438540,438765.0,445851.0,225.0
37193,443002,445702.0,445870.0,2700.0
37161,439893,439893.0,445871.0,0.0
37162,439923,439923.0,445872.0,0.0
37229,445706,445706.0,446057.0,0.0
37228,445683,445683.0,446058.0,0.0
37224,445386,445386.0,446182.0,0.0
37225,445433,445433.0,446213.0,0.0
37236,446196,446196.0,446215.0,0.0
37235,446193,446193.0,446217.0,0.0
37237,446224,446224.0,446288.0,0.0
37231,446086,446086.0,446294.0,0.0
37233,446122,446122.0,446294.0,0.0
37152,438512,439181.0,446295.0,669.0
37239,446343,446343.0,446757.0,0.0
37246,446760,446760.0,446782.0,0.0
37238,446307,446307.0,446806.0,0.0
37241,446369,446369.0,446854.0,0.0
37248,446824,446824.0,446885.0,0.0
37252,446911,446911.0,446998.0,0.0
37253,447029,447029.0,447089.0,0.0
37240,446367,446367.0,447133.0,0.0
37255,447147,447147.0,447173.0,0.0
37254,447145,447145.0,447183.0,0.0
37256,447186,447186.0,447298.0,0.0
37249,446827,446827.0,447354.0,0.0
37250,446863,446863.0,447435.0,0.0
37251,446889,446889.0,447435.0,0.0
37259,447485,447485.0,447502.0,0.0
37257,447307,447307.0,447567.0,0.0
37262,447553,447553.0,447580.0,0.0
37263,447612,447612.0,447724.0,0.0
37265,447717,447717.0,447770.0,0.0
37266,447751,447751.0,447870.0,0.0
37269,447931,447931.0,447946.0,0.0
37268,447893,447893.0,447975.0,0.0
37270,447991,447991.0,448072.0,0.0
37271,448086,448086.0,448165.0,0.0
37264,447665,447665.0,448174.0,0.0
37274,448369,448369.0,448390.0,0.0
37273,448354,448354.0,448470.0,0.0
37276,448502,448502.0,448543.0,0.0
37260,447524,447524.0,448574.0,0.0
37261,447548,447548.0,448574.0,0.0
37272,448176,448176.0,448583.0,0.0
37275,448471,448471.0,448640.0,0.0
37280,448628,448628.0,448661.0,0.0
37281,448716,448716.0,448751.0,0.0
37283,448830,448830.0,448854.0,0.0
37282,448757,448757.0,448881.0,0.0
37278,448588,448588.0,449019.0,0.0
37285,448918,448918.0,449090.0,0.0
37284,448890,448890.0,449141.0,0.0
37288,449147,449147.0,449169.0,0.0
37289,449175,449175.0,449182.0,0.0
37290,449188,449188.0,449196.0,0.0
37286,449031,449031.0,449386.0,0.0
37291,449303,449303.0,449468.0,0.0
37295,450448,450448.0,450672.0,0.0
37277,448586,448586.0,451115.0,0.0
37279,448609,448609.0,451127.0,0.0
37300,451282,451282.0,452690.0,0.0
37307,452696,452696.0,452707.0,0.0
37306,452695,452695.0,452718.0,0.0
37310,452835,452835.0,453162.0,0.0
37314,453454,453454.0,454775.0,0.0
37322,454776,454776.0,454794.0,0.0
37304,452341,455041.0,455060.0,2700.0
37326,455961,455961.0,456009.0,0.0
37329,456038,456038.0,456180.0,0.0
37339,456643,456643.0,456691.0,0.0
37344,456822,456822.0,456842.0,0.0
37342,456743,456743.0,456929.0,0.0
37230,446061,446061.0,457113.0,0.0
37232,446093,446093.0,457115.0,0.0
37350,457635,457635.0,457727.0,0.0
37352,457751,457751.0,457856.0,0.0
37357,458012,458012.0,458103.0,0.0
37287,449112,449112.0,460278.0,0.0
37292,449401,449401.0,460278.0,0.0
37363,458628,462929.0,463145.0,4301.0
37378,467927,470627.0,472664.0,2700.0
37379,467949,470649.0,472666.0,2700.0
37377,467042,469742.0,474357.0,2700.0
37381,470062,472762.0,474363.0,2700.0
37380,470041,472741.0,474366.0,2700.0
37382,471669,480366.0,480452.0,8697.0
37383,471765,480452.0,491387.0,8687.0
37587,499301,502001.0,502089.0,2700.0
37602,500720,502089.0,502161.0,1369.0
37604,500947,502161.0,502239.0,1214.0
37608,501211,502239.0,502283.0,1028.0
37610,501295,502239.0,502291.0,944.0
37605,501071,502239.0,502301.0,1168.0
37384,482706,491387.0,502311.0,8681.0
37615,501565,502311.0,502331.0,746.0
37616,501708,502311.0,502352.0,603.0
37613,501400,502301.0,502413.0,901.0
37622,501965,502331.0,502422.0,366.0
37630,502547,502547.0,502587.0,0.0
37623,502079,502352.0,502645.0,273.0
37631,502684,502684.0,502690.0,0.0
37634,502773,502773.0,502800.0,0.0
37633,502729,502729.0,502872.0,0.0
37595,500168,502868.0,502888.0,2700.0
37642,503274,503274.0,503278.0,0.0
37643,503278,503278.0,503299.0,0.0
37644,503337,503337.0,503357.0,0.0
37645,503417,503417.0,503441.0,0.0
37650,503789,503789.0,503924.0,0.0
37661,504637,504637.0,504660.0,0.0
37640,503164,503164.0,505645.0,0.0
37641,503186,503186.0,505645.0,0.0
37662,504705,505645.0,505717.0,940.0
37664,505076,505645.0,506051.0,569.0
37667,505499,505645.0,506110.0,146.0
37648,503649,503649.0,506243.0,0.0
37680,506262,506262.0,506291.0,0.0
37678,506248,506248.0,506301.0,0.0
37681,506333,506333.0,506351.0,0.0
37682,506375,506375.0,506393.0,0.0
37679,506249,506249.0,506494.0,0.0
37673,505868,506051.0,506523.0,183.0
37674,505890,506110.0,506560.0,220.0
37688,506614,506614.0,506659.0,0.0
37685,506573,506573.0,507172.0,0.0
37687,506603,506603.0,507173.0,0.0
37695,507554,507554.0,507709.0,0.0
37696,507620,507709.0,507741.0,89.0
37697,507756,507756.0,508058.0,0.0
37699,507794,507794.0,508060.0,0.0
37691,506726,506726.0,508155.0,0.0
37701,508159,508159.0,508173.0,0.0
37700,508012,508058.0,508197.0,46.0
37704,508324,508324.0,508550.0,0.0
37705,508352,508352.0,508552.0,0.0
37707,508610,508610.0,508617.0,0.0
37708,508620,508620.0,508632.0,0.0
37703,508284,508284.0,508633.0,0.0
37706,508522,508550.0,508676.0,28.0
37676,506112,508888.0,509304.0,2776.0
37716,509339,509339.0,509481.0,0.0
37717,509391,509391.0,509483.0,0.0
37714,509269,509269.0,509670.0,0.0
37721,509823,509823.0,509910.0,0.0
37715,509332,509332.0,510017.0,0.0
37709,508711,508711.0,510146.0,0.0
37723,510134,510134.0,510155.0,0.0
37724,510148,510148.0,510172.0,0.0
37726,510216,510216.0,510237.0,0.0
37710,508716,510146.0,510291.0,1430.0
37722,509945,509945.0,510334.0,0.0
37731,510317,510317.0,510375.0,0.0
37711,508885,510291.0,510404.0,1406.0
37728,510257,510257.0,510417.0,0.0
37732,510349,510349.0,510418.0,0.0
37734,510380,510380.0,510426.0,0.0
37712,509027,510404.0,510511.0,1377.0
37713,509154,510511.0,510616.0,1357.0
37725,510162,510616.0,510660.0,454.0
37727,510218,510660.0,510717.0,442.0
37730,510291,510717.0,510784.0,426.0
37745,510756,510756.0,510792.0,0.0
37748,510823,510823.0,510848.0,0.0
37733,510372,510784.0,510851.0,412.0
37735,510434,510434.0,510878.0,0.0
37736,510459,510851.0,510887.0,392.0
37737,510507,510887.0,510918.0,380.0
37738,510547,510918.0,510948.0,371.0
37739,510591,510948.0,510987.0,357.0
37740,510620,510620.0,511018.0,0.0
37741,510652,510987.0,511057.0,335.0
37743,510734,511057.0,511101.0,323.0
37747,510795,511101.0,511210.0,306.0
37750,510915,511210.0,511316.0,295.0
37753,511034,511316.0,511418.0,282.0
37755,511154,511418.0,511528.0,264.0
37718,509580,509580.0,511775.0,0.0
37719,509603,509603.0,511778.0,0.0
37758,511797,511797.0,511829.0,0.0
37759,511860,511860.0,511861.0,0.0
37757,511561,511561.0,511881.0,0.0
37760,511867,511867.0,511901.0,0.0
37762,511943,511943.0,511986.0,0.0
37764,512007,512007.0,512037.0,0.0
37765,512065,512065.0,512097.0,0.0
37766,512113,512113.0,512145.0,0.0
37767,512152,512152.0,512189.0,0.0
37768,512160,512160.0,512191.0,0.0
37769,512173,512173.0,512202.0,0.0
37770,512206,512206.0,512237.0,0.0
37771,512252,512252.0,512362.0,0.0
37774,512372,512372.0,512477.0,0.0
37777,512491,512491.0,512596.0,0.0
37779,512611,512611.0,512711.0,0.0
37781,512744,512744.0,512759.0,0.0
37780,512725,512725.0,512825.0,0.0
37782,512837,512837.0,512938.0,0.0
37783,512948,512948.0,512990.0,0.0
37784,512995,512995.0,513096.0,0.0
37786,513112,513112.0,513213.0,0.0
37788,513660,513660.0,513668.0,0.0
37754,511144,511144.0,513679.0,0.0
37793,514051,514051.0,514075.0,0.0
37752,510952,513652.0,514153.0,2700.0
37794,514138,514138.0,514164.0,0.0
37798,514381,514381.0,514699.0,0.0
37801,514741,514741.0,514783.0,0.0
37800,514725,514725.0,514798.0,0.0
37804,515110,515110.0,515127.0,0.0
37805,515113,515113.0,515162.0,0.0
37803,515090,515090.0,515192.0,0.0
37807,515281,515281.0,515367.0,0.0
37806,515211,515211.0,515674.0,0.0
37790,513804,513804.0,515877.0,0.0
37791,513831,513831.0,515879.0,0.0
37811,515869,515869.0,515978.0,0.0
37809,515725,515725.0,516202.0,0.0
37789,513728,513728.0,516260.0,0.0
37816,516262,516262.0,516271.0,0.0
37818,516545,516545.0,516582.0,0.0
37819,516595,516595.0,516622.0,0.0
37817,516314,516314.0,516729.0,0.0
37821,516785,516785.0,517271.0,0.0
37824,517428,517428.0,517463.0,0.0
37831,517820,518532.0,520092.0,712.0
37822,516786,516786.0,520112.0,0.0
37835,518736,520112.0,520153.0,1376.0
37842,519449,520112.0,520269.0,663.0
37846,520072,520112.0,520457.0,40.0
37849,520652,520652.0,520674.0,0.0
37847,520292,520457.0,520816.0,165.0
37834,518579,521367.0,521411.0,2788.0
37833,518532,521232.0,521588.0,2700.0
37856,521066,521588.0,521733.0,522.0
37858,521548,521733.0,522238.0,185.0
37852,520813,520816.0,522253.0,3.0
37865,522254,522254.0,522280.0,0.0
37843,519519,522219.0,522308.0,2700.0
37859,521743,522253.0,522332.0,510.0
37863,522131,522253.0,522385.0,122.0
37845,520041,522741.0,522769.0,2700.0
37873,522935,522935.0,522953.0,0.0
37829,517747,521367.0,523000.0,3620.0
37872,522881,522881.0,523061.0,0.0
37874,523083,523083.0,523384.0,0.0
37876,523309,523309.0,523424.0,0.0
37877,523330,523384.0,523480.0,54.0
37879,523740,523740.0,523754.0,0.0
37866,522306,522385.0,523815.0,79.0
37880,523824,523824.0,523940.0,0.0
37881,523850,523850.0,523942.0,0.0
37861,522007,522007.0,524083.0,0.0
37860,521985,522007.0,524103.0,22.0
37886,524207,524207.0,524235.0,0.0
37888,524244,524244.0,524326.0,0.0
37889,524326,524326.0,524335.0,0.0
37891,524582,524582.0,524703.0,0.0
37893,524797,524797.0,524829.0,0.0
37894,524837,524837.0,524908.0,0.0
37864,522152,524852.0,524965.0,2700.0
37896,524993,524993.0,525056.0,0.0
37897,525245,525245.0,525287.0,0.0
37898,525299,525299.0,525317.0,0.0
37892,524711,524711.0,525368.0,0.0
37902,525414,525414.0,525600.0,0.0
37903,525649,525649.0,525749.0,0.0
37905,525745,525745.0,526111.0,0.0
37890,524521,524521.0,526140.0,0.0
37911,526147,526147.0,526163.0,0.0
37912,526166,526166.0,526177.0,0.0
37910,526118,526118.0,526517.0,0.0
37915,526827,526827.0,526934.0,0.0
37917,527078,527078.0,527214.0,0.0
37921,527477,527477.0,527570.0,0.0
37913,526209,526209.0,527629.0,0.0
37924,527633,527633.0,527648.0,0.0
37925,527665,527665.0,527671.0,0.0
37927,527683,527683.0,527697.0,0.0
37928,527821,527821.0,527879.0,0.0
37929,527884,527884.0,528020.0,0.0
37931,528300,528300.0,528377.0,0.0
37899,525321,525321.0,528449.0,0.0
37901,525344,525344.0,528452.0,0.0
37926,527674,527674.0,529111.0,0.0
37942,529132,529132.0,529158.0,0.0
37941,529129,529129.0,529165.0,0.0
37944,529209,529209.0,529926.0,0.0
37947,529479,529926.0,530009.0,447.0
37946,529475,529926.0,530081.0,451.0
37949,529947,530081.0,531491.0,134.0
37950,530101,531491.0,531613.0,1390.0
37935,528959,531659.0,531705.0,2700.0
37933,528853,531553.0,531727.0,2700.0
37960,531149,531613.0,531731.0,464.0
37937,529018,531718.0,531737.0,2700.0
37967,531879,531879.0,531932.0,0.0
37952,530158,531491.0,531965.0,1333.0
37945,529358,532058.0,532082.0,2700.0
37968,532017,532017.0,532130.0,0.0
37969,532042,532130.0,532220.0,88.0
37975,532887,532887.0,532901.0,0.0
37976,532919,532919.0,532926.0,0.0
37977,532928,532928.0,532939.0,0.0
37951,530126,532858.0,532957.0,2732.0
37965,531443,531731.0,533172.0,288.0
37979,533130,533172.0,533218.0,42.0
37954,530493,533193.0,533244.0,2700.0
37980,533552,533552.0,533668.0,0.0
37981,533580,533580.0,533670.0,0.0
37982,533781,533781.0,533795.0,0.0
37961,531175,533875.0,533969.0,2700.0
37963,531361,534061.0,534074.0,2700.0
37964,531388,534088.0,534097.0,2700.0
37985,534124,534124.0,534140.0,0.0
37984,534088,534124.0,534142.0,36.0
37987,534427,534427.0,534436.0,0.0
37986,534386,534427.0,534442.0,41.0
37978,532974,533172.0,534581.0,198.0
37989,534591,534675.0,534695.0,84.0
37983,533917,534581.0,534746.0,664.0
37990,534675,534675.0,534831.0,0.0
37991,534741,534746.0,534838.0,5.0
37938,529043,531743.0,534856.0,2700.0
37940,529066,531766.0,534858.0,2700.0
37992,535547,535547.0,535587.0,0.0
37993,535600,535600.0,535620.0,0.0
37996,535894,535894.0,535907.0,0.0
37997,535895,535895.0,535917.0,0.0
37988,534480,534746.0,536157.0,266.0
37994,535625,535625.0,536436.0,0.0
37995,535646,535646.0,536439.0,0.0
37999,536007,536157.0,536686.0,150.0
38003,536952,536952.0,536983.0,0.0
38002,536899,536952.0,537099.0,53.0
37998,535951,536157.0,537636.0,206.0
38005,537624,537636.0,538058.0,12.0
38006,538070,538070.0,539041.0,0.0
38000,536434,539134.0,539140.0,2700.0
38009,538884,539041.0,539173.0,157.0
38008,538253,539041.0,539258.0,788.0
38004,537434,540134.0,540147.0,2700.0
38001,536833,539969.0,540180.0,3136.0
38015,540256,540256.0,540262.0,0.0
38017,540414,540414.0,540434.0,0.0
38018,540719,540719.0,540760.0,0.0
38019,540769,540769.0,540811.0,0.0
38007,538094,540794.0,540815.0,2700.0
38020,540906,540906.0,540998.0,0.0
38021,540914,540914.0,541001.0,0.0
38022,540922,540922.0,541004.0,0.0
38023,540930,540930.0,541007.0,0.0
38024,540940,540940.0,541103.0,0.0
38011,538945,541645.0,541667.0,2700.0
38010,538936,541636.0,541681.0,2700.0
38012,538993,541693.0,541714.0,2700.0
38013,539019,541719.0,541741.0,2700.0
38016,540324,540324.0,542101.0,0.0
38025,541153,542101.0,542931.0,948.0
38026,542189,542931.0,544690.0,742.0
38027,542535,545493.0,545556.0,2958.0
38041,545865,545865.0,545973.0,0.0
38029,543222,545971.0,545995.0,2749.0
38030,543271,545971.0,546077.0,2700.0
38032,543371,546071.0,546077.0,2700.0
38033,543380,546080.0,546192.0,2700.0
38034,543392,546147.0,546223.0,2755.0
38028,542793,546180.0,546238.0,3387.0
38042,545886,546238.0,546276.0,352.0
38045,546257,546276.0,546342.0,19.0
38044,546025,546276.0,546402.0,251.0
38046,546319,546402.0,546438.0,83.0
38048,546428,546438.0,546479.0,10.0
38049,546474,546479.0,546514.0,5.0
38050,546650,546650.0,546666.0,0.0
38035,543950,546675.0,546691.0,2725.0
38047,546338,546438.0,546739.0,100.0
38037,544011,546753.0,546890.0,2742.0
38039,544234,546934.0,547008.0,2700.0
38036,543975,546675.0,547009.0,2700.0
38031,543296,547007.0,547079.0,3711.0
38038,544053,544690.0,547275.0,637.0
38053,547426,547426.0,547458.0,0.0
38052,547387,547426.0,547462.0,39.0
38054,547461,547575.0,547651.0,114.0
38056,547691,547743.0,547778.0,52.0
38057,547743,547743.0,547801.0,0.0
38059,548090,548090.0,548104.0,0.0
38061,548446,548446.0,548493.0,0.0
38055,547575,547575.0,548533.0,0.0
38043,545941,548725.0,548761.0,2784.0
38060,548258,548446.0,548765.0,188.0
38064,548744,548744.0,548777.0,0.0
38065,548783,548783.0,548815.0,0.0
38040,544411,547390.0,548828.0,2979.0
38058,547806,548090.0,548833.0,284.0
38066,548819,548819.0,548854.0,0.0
38067,548856,548856.0,548888.0,0.0
38062,548603,548704.0,549011.0,101.0
38069,551668,554368.0,554399.0,2700.0
38063,548704,554368.0,554404.0,5664.0
38051,547254,557104.0,557226.0,9850.0
38070,551710,557226.0,557280.0,5516.0
38074,554797,557280.0,557451.0,2483.0
38075,554978,557451.0,568383.0,2473.0
38076,565931,568383.0,568466.0,2452.0
38077,566017,568466.0,579393.0,2449.0
38119,584734,587434.0,587483.0,2700.0
38118,584697,587397.0,587509.0,2700.0
38120,584795,587495.0,587538.0,2700.0
38122,585173,587873.0,587923.0,2700.0
38128,587964,587964.0,587967.0,0.0
38125,586790,589490.0,589493.0,2700.0
38126,587107,589807.0,589810.0,2700.0
38127,587122,589822.0,589825.0,2700.0
38139,590953,590953.0,590957.0,0.0
38138,590822,590822.0,591004.0,0.0
38140,591032,591032.0,591096.0,0.0
38141,591129,591129.0,591170.0,0.0
38142,591182,591182.0,591187.0,0.0
38129,589220,591920.0,591923.0,2700.0
38130,589262,591962.0,591965.0,2700.0
38131,589283,591983.0,591986.0,2700.0
38143,591634,591923.0,592002.0,289.0
38145,591775,591965.0,592090.0,190.0
38147,591883,591986.0,592154.0,103.0
38150,592109,592109.0,592245.0,0.0
38148,592034,592034.0,592397.0,0.0
38149,592057,592057.0,592398.0,0.0
38152,592614,592614.0,592700.0,0.0
38153,592659,592659.0,592700.0,0.0
38151,592612,592612.0,592789.0,0.0
38155,592963,593111.0,593128.0,148.0
38157,593111,593111.0,593316.0,0.0
38158,593184,593196.0,593330.0,12.0
38159,593196,593196.0,593384.0,0.0
38160,593292,593440.0,593460.0,148.0
38163,593488,593514.0,593539.0,26.0
38161,593440,593440.0,593580.0,0.0
38166,594004,594004.0,594177.0,0.0
38144,591656,594475.0,594533.0,2819.0
38146,591795,594495.0,594600.0,2700.0
38167,594226,594226.0,594815.0,0.0
38174,594796,594796.0,595171.0,0.0
38177,595343,595343.0,595345.0,0.0
38185,596169,596169.0,596182.0,0.0
38186,596209,596209.0,596222.0,0.0
38169,594308,597008.0,597014.0,2700.0
38198,597234,597234.0,597253.0,0.0
38187,596455,599155.0,599156.0,2700.0
38188,596461,599156.0,599165.0,2695.0
38190,596509,599156.0,599166.0,2647.0
38191,596630,599156.0,599169.0,2526.0
38208,598863,599156.0,599173.0,293.0
38205,598003,599156.0,599175.0,1153.0
38192,596713,599166.0,599177.0,2453.0
38196,597176,599177.0,599179.0,2001.0
38195,597149,599169.0,599185.0,2020.0
38197,597184,599179.0,599194.0,1995.0
38211,598985,599194.0,599201.0,209.0
38210,598940,599185.0,599206.0,245.0
38213,598997,599201.0,599216.0,204.0
38218,599437,599437.0,599589.0,0.0
38209,598870,599216.0,599711.0,346.0
38221,599713,599713.0,599726.0,0.0
38176,595225,596315.0,599744.0,1090.0
38222,599762,599762.0,599830.0,0.0
38203,597582,600282.0,600331.0,2700.0
38154,592838,603031.0,603131.0,10193.0
38224,600373,603131.0,603143.0,2758.0
38225,600433,603131.0,603146.0,2698.0
38243,602120,603131.0,603153.0,1011.0
38233,601524,603131.0,603162.0,1607.0
38239,602011,603131.0,603165.0,1120.0
38238,601983,603131.0,603166.0,1148.0
38242,602070,603131.0,603177.0,1061.0
38255,602598,603165.0,603179.0,567.0
38236,601847,603131.0,603187.0,1284.0
38244,602135,603143.0,603189.0,1008.0
38240,602047,603131.0,603193.0,1084.0
38250,602260,603153.0,603197.0,893.0
38256,602688,603166.0,603212.0,478.0
38259,602988,603179.0,603213.0,191.0
38248,602236,603162.0,603243.0,926.0
38262,603235,603235.0,603294.0,0.0
38264,603349,603349.0,603393.0,0.0
38266,603386,603386.0,603406.0,0.0
38257,602826,603177.0,603452.0,351.0
38261,603168,603187.0,603496.0,19.0
38268,603617,603617.0,603657.0,0.0
38269,603696,603696.0,603744.0,0.0
38272,603838,603838.0,603864.0,0.0
38276,604142,604142.0,604241.0,0.0
38278,604367,604367.0,604408.0,0.0
38280,604441,604441.0,604467.0,0.0
38279,604441,604441.0,604609.0,0.0
38283,604692,604692.0,604717.0,0.0
38247,602170,603131.0,604736.0,961.0
38245,602147,603146.0,604771.0,999.0
38282,604643,604643.0,605252.0,0.0
38293,605886,605886.0,605904.0,0.0
38294,605938,605938.0,605964.0,0.0
38286,605302,605302.0,605974.0,0.0
38295,605987,605987.0,606011.0,0.0
38296,606074,606074.0,606126.0,0.0
38299,606167,606167.0,606209.0,0.0
38300,606245,606245.0,606257.0,0.0
38298,606110,606110.0,606377.0,0.0
38303,606540,606540.0,606556.0,0.0
38301,606425,606425.0,607028.0,0.0
38178,595364,603131.0,607518.0,7767.0
38232,601210,607518.0,607642.0,6308.0
38310,607111,607111.0,607727.0,0.0
38234,601559,607642.0,607787.0,6083.0
38237,601937,607787.0,608245.0,5850.0
38251,602264,608245.0,608465.0,5981.0
38164,593514,603131.0,608477.0,9617.0
38304,606833,609533.0,609593.0,2700.0
38328,609334,609593.0,609609.0,259.0
38326,609215,609593.0,609890.0,378.0
38329,609533,609593.0,609890.0,60.0
38331,609904,609904.0,610210.0,0.0
38336,610286,610286.0,610556.0,0.0
38252,602397,608465.0,610706.0,6068.0
38254,602549,610706.0,610738.0,8157.0
38260,603143,610738.0,610749.0,7595.0
38263,603298,610749.0,610764.0,7451.0
38338,610767,610767.0,610864.0,0.0
38339,610888,610888.0,610986.0,0.0
38309,607061,610736.0,610995.0,3675.0
38277,604180,610995.0,611167.0,6815.0
38219,599459,608477.0,611268.0,9018.0
38313,607807,611268.0,611413.0,3461.0
38292,605783,611268.0,611457.0,5485.0
38314,608011,611413.0,611549.0,3402.0
38316,608285,611457.0,611596.0,3172.0
38317,608440,611549.0,611691.0,3109.0
38323,608844,611596.0,611731.0,2752.0
38324,608999,611691.0,611824.0,2692.0
38340,610910,611824.0,611863.0,914.0
38285,605244,611167.0,614192.0,5923.0
38346,611118,614192.0,614235.0,3074.0
38343,610982,614192.0,614252.0,3210.0
38345,611000,614192.0,614264.0,3192.0
38351,611496,614264.0,614334.0,2768.0
38349,611383,614252.0,614342.0,2869.0
38352,611711,614334.0,614352.0,2623.0
38355,611839,614334.0,614382.0,2495.0
38359,612151,614342.0,614387.0,2191.0
38327,609332,611731.0,614746.0,2399.0
38364,612839,614382.0,614959.0,1543.0
38360,612355,614746.0,614988.0,2391.0
38385,614657,614959.0,615012.0,302.0
38388,615050,615050.0,615108.0,0.0
38362,612599,614988.0,615157.0,2389.0
38363,612769,615157.0,615395.0,2388.0
38365,613012,615395.0,615596.0,2383.0
38367,613128,615596.0,615632.0,2468.0
38368,613189,615632.0,615633.0,2443.0
38372,613298,614192.0,615832.0,894.0
38348,611322,614192.0,615833.0,2870.0
38347,611295,614192.0,615857.0,2897.0
38369,613216,615633.0,615926.0,2417.0
38370,613245,615926.0,615963.0,2681.0
38371,613277,614342.0,616000.0,1065.0
38387,614858,615012.0,616155.0,154.0
38374,613510,615963.0,616171.0,2453.0
38378,613722,616171.0,616341.0,2449.0
38394,616343,616343.0,616430.0,0.0
38380,613894,616341.0,616493.0,2447.0
38381,614047,616493.0,616677.0,2446.0
38382,614233,616677.0,616858.0,2444.0
38384,614417,616858.0,616913.0,2441.0
38342,610964,611863.0,617680.0,899.0
38405,617615,617680.0,617726.0,65.0
38404,617368,617680.0,617727.0,312.0
38397,616611,616611.0,617915.0,0.0
38398,616649,616649.0,617915.0,0.0
38407,617909,617909.0,617915.0,0.0
38395,616525,616913.0,618303.0,388.0
38408,618525,618525.0,618598.0,0.0
38410,618546,618546.0,618658.0,0.0
38409,618538,618538.0,619440.0,0.0
38267,603467,610764.0,619645.0,7297.0
38424,619644,619645.0,619713.0,1.0
38425,619688,619688.0,619722.0,0.0
38421,619203,619645.0,619880.0,442.0
38344,610994,614192.0,619986.0,3198.0
38426,619735,619880.0,620191.0,145.0
38436,620362,620362.0,620406.0,0.0
38417,618963,619440.0,620473.0,477.0
38428,619800,619880.0,620742.0,80.0
38440,620713,620713.0,620803.0,0.0
38437,620521,620521.0,621327.0,0.0
38412,618798,621498.0,621631.0,2700.0
38418,619106,621806.0,621830.0,2700.0
38420,619136,621836.0,621849.0,2700.0
38415,618854,621833.0,621889.0,2979.0
38416,618862,621857.0,621980.0,2995.0
38419,619128,622000.0,622074.0,2872.0
38449,622068,622113.0,622669.0,45.0
38439,620642,620642.0,622923.0,0.0
38456,622849,622932.0,622979.0,83.0
38447,621744,622923.0,623244.0,1179.0
38463,623170,623244.0,623299.0,74.0
38461,623002,623244.0,623357.0,242.0
38466,623391,623391.0,623410.0,0.0
38467,623450,623450.0,623515.0,0.0
38453,622641,625341.0,625487.0,2700.0
38441,620792,624680.0,625590.0,3888.0
38411,618766,618766.0,625640.0,0.0
38460,622994,625694.0,625779.0,2700.0
38484,625661,625661.0,625786.0,0.0
38458,622932,625640.0,625823.0,2708.0
38452,622544,625590.0,625835.0,3046.0
38471,624268,625779.0,625842.0,1511.0
38432,620003,620003.0,625853.0,0.0
38434,620027,620027.0,625853.0,0.0
38472,624347,625779.0,625863.0,1432.0
38465,623273,625823.0,625939.0,2550.0
38486,625970,625970.0,625987.0,0.0
38479,625147,625939.0,626008.0,792.0
38464,623264,625986.0,626051.0,2722.0
38480,625242,626008.0,626074.0,766.0
38482,625481,626051.0,626116.0,570.0
38483,625594,626074.0,626263.0,480.0
38413,618799,619440.0,626282.0,641.0
38491,626329,626329.0,626421.0,0.0
38493,626425,626425.0,626442.0,0.0
38495,626449,626449.0,626629.0,0.0
38496,626521,626521.0,626629.0,0.0
38501,627214,627214.0,627240.0,0.0
38499,627123,627123.0,627441.0,0.0
38500,627149,627149.0,627444.0,0.0
38503,627561,627561.0,627601.0,0.0
38504,627562,627562.0,627626.0,0.0
38502,627512,627512.0,627627.0,0.0
38489,626292,626292.0,627916.0,0.0
38490,626313,626313.0,627919.0,0.0
38510,628190,628190.0,628206.0,0.0
38512,628531,628531.0,628687.0,0.0
38514,628696,628696.0,628735.0,0.0
38513,628692,628692.0,628804.0,0.0
38515,628747,628747.0,628804.0,0.0
38474,624498,625835.0,628885.0,1337.0
38517,628847,628847.0,629132.0,0.0
38520,629143,629143.0,629318.0,0.0
38522,629537,629537.0,629651.0,0.0
38523,629628,629628.0,629658.0,0.0
38525,629741,629741.0,630100.0,0.0
38518,628893,628893.0,630539.0,0.0
38519,628917,628917.0,630544.0,0.0
38532,630814,630814.0,630862.0,0.0
38533,630888,630888.0,630906.0,0.0
38450,622113,622923.0,632051.0,810.0
38534,630910,630910.0,632622.0,0.0
38535,630931,630931.0,632624.0,0.0
38546,632657,632657.0,632673.0,0.0
38547,632751,632751.0,632866.0,0.0
38548,632760,632760.0,632869.0,0.0
38549,632769,632769.0,632870.0,0.0
38550,632782,632782.0,632872.0,0.0
38469,623641,623641.0,632873.0,0.0
38530,630138,630138.0,632873.0,0.0
38551,632793,632793.0,632873.0,0.0
38536,630955,633655.0,633784.0,2700.0
38537,631012,633712.0,633784.0,2700.0
38553,640169,642869.0,643036.0,2700.0
38561,640464,643036.0,643141.0,2572.0
38560,640456,643036.0,643147.0,2580.0
38558,640440,643036.0,643160.0,2596.0
38557,640429,643036.0,643170.0,2607.0
38556,640421,643036.0,643176.0,2615.0
38555,640412,643036.0,643184.0,2624.0
38554,640404,643036.0,643190.0,2632.0
38559,640448,643036.0,643239.0,2588.0
38562,640694,643036.0,643252.0,2342.0
38552,640142,642842.0,646466.0,2700.0
38566,644214,646466.0,646996.0,2252.0
38576,646100,646996.0,647008.0,896.0
38577,646163,646996.0,647008.0,833.0
38569,644820,646466.0,647744.0,1646.0
38564,643694,643694.0,653908.0,0.0
38652,653912,656612.0,656710.0,2700.0
38654,666483,669183.0,669186.0,2700.0
38761,678129,680829.0,680845.0,2700.0
38807,683622,686322.0,686345.0,2700.0
38762,678361,681061.0,691189.0,2700.0
38845,690268,691189.0,691205.0,921.0
38835,688492,691192.0,691208.0,2700.0
38844,690104,693908.0,694003.0,3804.0
38846,690409,694003.0,694095.0,3594.0
38855,692176,694095.0,694107.0,1919.0
38858,692731,694095.0,694117.0,1364.0
38856,692226,694095.0,694592.0,1869.0
38859,692786,694117.0,695631.0,1331.0
38895,700923,703623.0,703626.0,2700.0
38907,703692,703692.0,703714.0,0.0
38913,704425,704425.0,704442.0,0.0
38867,694322,694592.0,704693.0,270.0
38918,705635,705635.0,705639.0,0.0
38905,703293,705993.0,706090.0,2700.0
38906,703321,706021.0,706091.0,2700.0
38920,706522,706522.0,706526.0,0.0
38935,710029,712729.0,712742.0,2700.0
38936,710031,712731.0,712742.0,2700.0
38937,710032,712732.0,712742.0,2700.0
38938,710035,712735.0,712743.0,2700.0
38939,710036,712736.0,712743.0,2700.0
38940,710038,712738.0,712744.0,2700.0
38941,710056,712756.0,712760.0,2700.0
38947,710292,712743.0,712784.0,2451.0
38946,710290,712743.0,712786.0,2453.0
38945,710287,712742.0,712787.0,2455.0
38942,710282,712742.0,712791.0,2460.0
38944,710285,712985.0,713032.0,2700.0
38943,710283,712985.0,713034.0,2702.0
38950,711090,712786.0,713363.0,1696.0
38958,711734,713363.0,713461.0,1629.0
38957,711689,713363.0,713507.0,1674.0
38966,713833,713833.0,713995.0,0.0
38967,713890,713890.0,713996.0,0.0
38974,714952,714952.0,714960.0,0.0
38975,714954,714954.0,714960.0,0.0
38972,714949,714949.0,714961.0,0.0
38973,714950,714950.0,714962.0,0.0
38977,714957,714961.0,714965.0,4.0
38976,714955,714960.0,714966.0,5.0
38982,715246,715246.0,715340.0,0.0
38983,715247,715247.0,715341.0,0.0
38984,715249,715249.0,715342.0,0.0
38981,715244,715244.0,715343.0,0.0
38985,715251,715340.0,715431.0,89.0
38986,715252,715342.0,715433.0,90.0
38988,715385,715433.0,715543.0,48.0
38987,715360,715431.0,715566.0,71.0
38951,711119,715487.0,716036.0,4368.0
38990,716022,716022.0,716036.0,0.0
38915,704507,704693.0,719752.0,186.0
39002,718276,719752.0,719903.0,1476.0
39007,718577,719752.0,720075.0,1175.0
38998,717302,720976.0,721084.0,3674.0
39003,718305,721005.0,721128.0,2700.0
39009,718610,721543.0,721834.0,2933.0
38997,717272,722036.0,722175.0,4764.0
39011,719569,722269.0,722283.0,2700.0
39026,722929,722929.0,727474.0,0.0
39043,726962,729662.0,729677.0,2700.0
39027,722931,725903.0,736101.0,2972.0
39070,733130,735830.0,740665.0,2700.0
39093,737849,742101.0,742113.0,4252.0
39095,739281,742159.0,742260.0,2878.0
39096,739459,742159.0,742298.0,2700.0
39094,737974,740665.0,750841.0,2691.0
39098,759341,762041.0,762174.0,2700.0
39099,759370,762070.0,762175.0,2700.0
39100,759584,762174.0,762295.0,2590.0
39102,760407,762295.0,762476.0,1888.0
39104,760955,762476.0,762600.0,1521.0
39101,759607,763107.0,763205.0,3500.0
39103,760439,763139.0,763288.0,2700.0
39105,760981,763681.0,763780.0,2700.0
39124,768592,771292.0,771308.0,2700.0
39140,772248,772248.0,772355.0,0.0
39144,772407,772407.0,772428.0,0.0
39146,772496,772496.0,772514.0,0.0
39131,770021,772721.0,772736.0,2700.0
39148,772580,775280.0,775300.0,2700.0
39170,774647,775300.0,775330.0,653.0
39174,775006,775330.0,775333.0,324.0
39173,774962,775330.0,775334.0,368.0
39175,775055,775334.0,775397.0,279.0
39176,775140,775397.0,775490.0,257.0
39178,775483,775490.0,775497.0,7.0
39179,775562,775562.0,775566.0,0.0
39150,773113,775813.0,775852.0,2700.0
39151,773183,775883.0,775903.0,2700.0
39152,773356,776056.0,776158.0,2700.0
39153,773489,776189.0,776223.0,2700.0
39155,773759,776459.0,776505.0,2700.0
39156,773890,776590.0,776730.0,2700.0
39162,774184,776884.0,776916.0,2700.0
39097,759205,761905.0,776982.0,2700.0
39163,774266,776966.0,776992.0,2700.0
39165,774291,776991.0,777007.0,2700.0
39166,774320,777020.0,777062.0,2700.0
39167,774428,777128.0,777149.0,2700.0
39168,774515,777215.0,777239.0,2700.0
39169,774624,777324.0,777329.0,2700.0
39172,774951,777662.0,777665.0,2711.0
39195,777936,777936.0,777963.0,0.0
39197,778064,778064.0,778081.0,0.0
39196,777961,777961.0,780657.0,0.0
39207,780659,780659.0,780673.0,0.0
39220,783368,786673.0,786769.0,3305.0
39222,784048,786769.0,788097.0,2721.0
39237,786808,788097.0,788112.0,1289.0
39229,785403,786769.0,788172.0,1366.0
39240,787724,788172.0,788263.0,448.0
39251,789267,789267.0,789327.0,0.0
39243,788165,788263.0,790663.0,98.0
39260,790592,790663.0,791217.0,71.0
39265,792016,792016.0,796318.0,0.0
39266,796319,796319.0,796334.0,0.0
39268,802422,805122.0,805146.0,2700.0
39267,796400,796400.0,808299.0,0.0
39270,808302,808302.0,808321.0,0.0
39269,808168,810868.0,810883.0,2700.0
39273,810919,810919.0,810924.0,0.0
39271,809328,809328.0,820252.0,0.0
39272,809329,812029.0,822953.0,2700.0
39279,822566,826252.0,826339.0,3686.0
39514,851460,854160.0,854210.0,2700.0
39516,851760,854460.0,854521.0,2700.0
39519,851945,854645.0,854692.0,2700.0
39523,852323,855023.0,855381.0,2700.0
39540,854879,855381.0,855385.0,502.0
39547,855249,855381.0,855386.0,132.0
39545,855246,855381.0,855387.0,135.0
39546,855247,855381.0,855387.0,134.0
39551,855362,855386.0,855413.0,24.0
39552,855363,855387.0,855413.0,24.0
39550,855360,855385.0,855414.0,25.0
39554,855366,855413.0,855437.0,47.0
39541,854881,855437.0,855439.0,556.0
39544,855244,855439.0,855451.0,195.0
39548,855250,855451.0,855456.0,201.0
39549,855359,855456.0,855488.0,97.0
39553,855365,855488.0,855513.0,123.0
39555,855607,855607.0,855682.0,0.0
39561,855719,855719.0,855744.0,0.0
39558,855613,855682.0,855749.0,69.0
39557,855611,855682.0,855750.0,71.0
39556,855609,855682.0,855752.0,73.0
39564,855780,855780.0,855787.0,0.0
39565,855782,855787.0,855793.0,5.0
39566,855783,855793.0,855799.0,10.0
39560,855617,855749.0,855813.0,132.0
39559,855615,855813.0,855879.0,198.0
39530,853287,855987.0,856361.0,2700.0
39528,853137,855837.0,856445.0,2700.0
39529,853160,855860.0,856446.0,2700.0
39526,852779,855479.0,856730.0,2700.0
39533,854199,856445.0,857135.0,2246.0
39593,857456,857574.0,857577.0,118.0
39572,855915,857577.0,857582.0,1662.0
39537,854873,857573.0,857584.0,2700.0
39571,855912,857577.0,857584.0,1665.0
39538,854874,857574.0,857585.0,2700.0
39570,855910,857577.0,857585.0,1667.0
39539,854877,857577.0,857586.0,2700.0
39582,856816,857585.0,857591.0,769.0
39563,855779,857584.0,857592.0,1805.0
39583,856818,857591.0,857596.0,773.0
39567,855785,857592.0,857597.0,1807.0
39587,857132,857596.0,857601.0,464.0
39578,856427,857577.0,857603.0,1150.0
39588,857133,857601.0,857606.0,468.0
39589,857135,857606.0,857610.0,471.0
39591,857452,857610.0,857618.0,158.0
39592,857454,857618.0,857622.0,164.0
39585,857057,857586.0,857635.0,529.0
39581,856814,857585.0,857647.0,771.0
39595,857748,857748.0,857792.0,0.0
39596,857812,857812.0,857833.0,0.0
39542,854967,857135.0,857876.0,2168.0
39569,855907,857876.0,857887.0,1969.0
39532,853694,856394.0,858009.0,2700.0
39573,855996,857887.0,858618.0,1891.0
39580,856812,858618.0,858627.0,1806.0
39586,857130,858627.0,858634.0,1497.0
39590,857451,858634.0,858643.0,1183.0
39599,857882,858643.0,859065.0,761.0
39597,857838,857838.0,859434.0,0.0
39598,857861,857861.0,859434.0,0.0
39568,855808,857597.0,861223.0,1789.0
39534,854258,856730.0,861906.0,2472.0
39535,854334,857034.0,862134.0,2700.0
39608,863202,863202.0,863204.0,0.0
39607,863188,863188.0,863220.0,0.0
39613,863632,866332.0,866792.0,2700.0
39614,863639,866339.0,866792.0,2700.0
39611,863609,866309.0,866794.0,2700.0
39612,863615,866315.0,866794.0,2700.0
39623,864875,866792.0,866833.0,1917.0
39624,864881,866833.0,866869.0,1952.0
39625,864883,866869.0,866903.0,1986.0
39609,863218,863218.0,866939.0,0.0
39620,864739,866794.0,866946.0,2055.0
39626,864911,866946.0,866953.0,2035.0
39622,864873,866939.0,866982.0,2066.0
39629,865131,866903.0,866989.0,1772.0
39610,863289,865989.0,866990.0,2700.0
39634,865685,866990.0,867044.0,1305.0
39628,865129,866982.0,867071.0,1853.0
39630,865133,866989.0,867073.0,1856.0
39631,865135,866990.0,867073.0,1855.0
39633,865656,867071.0,867153.0,1415.0
39618,863831,867223.0,867415.0,3392.0
39642,866971,867044.0,867444.0,73.0
39638,866171,867444.0,867505.0,1273.0
39641,866698,867505.0,867549.0,807.0
39616,863647,867223.0,867669.0,3576.0
39615,863644,867223.0,867672.0,3579.0
39643,867000,867549.0,867673.0,549.0
39647,867688,867688.0,867793.0,0.0
39648,867857,867857.0,867972.0,0.0
39645,867380,867669.0,868081.0,289.0
39651,868219,868219.0,868238.0,0.0
39652,868233,868233.0,868327.0,0.0
39654,868348,868348.0,868374.0,0.0
39650,868213,868213.0,868640.0,0.0
39653,868284,868284.0,868641.0,0.0
39658,868649,868649.0,868679.0,0.0
39639,866251,868951.0,868956.0,2700.0
39627,864923,866953.0,868977.0,2030.0
39659,869037,869037.0,869141.0,0.0
39664,869613,869613.0,869656.0,0.0
39655,868381,868381.0,870001.0,0.0
39656,868406,868406.0,870003.0,0.0
39667,869826,869826.0,870078.0,0.0
39668,870199,870199.0,870689.0,0.0
39671,870903,870903.0,871151.0,0.0
39677,871626,871626.0,871670.0,0.0
39678,871682,871682.0,871700.0,0.0
39679,871706,871706.0,871735.0,0.0
39680,871728,871728.0,871748.0,0.0
39682,872015,872015.0,872948.0,0.0
39683,872036,872036.0,872949.0,0.0
39690,872951,872951.0,873791.0,0.0
39691,872978,872978.0,873792.0,0.0
39695,873793,873793.0,874387.0,0.0
39697,873814,873814.0,874388.0,0.0
39686,872842,875542.0,875606.0,2700.0
39636,865810,866990.0,875647.0,1180.0
39688,872926,875626.0,875647.0,2700.0
39685,872615,875315.0,875696.0,2700.0
39635,865785,867153.0,875834.0,1368.0
39704,874313,875834.0,876015.0,1521.0
39712,874801,876015.0,876159.0,1214.0
39718,874904,876159.0,876178.0,1255.0
39735,875885,876159.0,876184.0,274.0
39719,874929,876159.0,876190.0,1230.0
39722,875013,876159.0,876209.0,1146.0
39736,875899,876159.0,876243.0,260.0
39730,875736,876159.0,876270.0,423.0
39717,874877,876159.0,876504.0,1282.0
39698,873871,876571.0,876616.0,2700.0
39699,874019,876719.0,876750.0,2700.0
39748,876718,876756.0,876764.0,38.0
39746,876617,876756.0,876766.0,139.0
39741,876350,876756.0,876776.0,406.0
39701,874073,876773.0,876802.0,2700.0
39700,874056,876756.0,876870.0,2700.0
39702,874110,876810.0,876935.0,2700.0
39716,874831,876159.0,876958.0,1328.0
39714,874806,876159.0,876980.0,1353.0
39723,875018,876870.0,877000.0,1852.0
39703,874303,877003.0,877035.0,2700.0
39729,875631,876980.0,877046.0,1349.0
39725,875262,876958.0,877090.0,1696.0
39705,874378,877200.0,877232.0,2822.0
39726,875301,877000.0,877255.0,1699.0
39709,874538,877238.0,877287.0,2700.0
39739,876263,877238.0,877528.0,975.0
39710,874677,877501.0,877533.0,2824.0
39731,875740,877238.0,877535.0,1498.0
39713,874803,877503.0,877537.0,2700.0
39751,876808,877255.0,877539.0,447.0
39707,874500,877200.0,877573.0,2700.0
39728,875588,877200.0,877587.0,1612.0
39760,877613,877613.0,877651.0,0.0
39761,877670,877670.0,877689.0,0.0
39727,875340,877573.0,877709.0,2233.0
39738,876067,877709.0,877855.0,1642.0
39764,877873,877873.0,877889.0,0.0
39737,876022,877587.0,877961.0,1565.0
39745,876554,877961.0,878019.0,1407.0
39733,875790,876159.0,878060.0,369.0
39747,876689,878019.0,878182.0,1330.0
39743,876404,877855.0,878256.0,1451.0
39758,877509,878256.0,878424.0,747.0
39754,877176,878182.0,878494.0,1006.0
39752,876809,878182.0,878515.0,1373.0
39762,877693,877693.0,878719.0,0.0
39763,877714,877714.0,878719.0,0.0
39756,877306,878494.0,878773.0,1188.0
39759,877516,878515.0,878807.0,999.0
39732,875769,877000.0,878922.0,1231.0
39770,878538,878807.0,879037.0,269.0
39708,874508,877238.0,879075.0,2730.0
39766,878039,878773.0,879091.0,734.0
39767,878147,878773.0,879133.0,626.0
39768,878393,879075.0,879206.0,682.0
39774,878834,879037.0,879300.0,203.0
39778,879100,879100.0,879560.0,0.0
39776,879032,879206.0,879734.0,174.0
39772,878721,878721.0,879801.0,0.0
39773,878743,878743.0,879801.0,0.0
39782,879583,879734.0,879907.0,151.0
39780,879257,879734.0,879911.0,477.0
39744,876437,877855.0,879912.0,1418.0
39788,879922,879922.0,879943.0,0.0
39787,879908,879908.0,880013.0,0.0
39784,879795,879907.0,880189.0,112.0
39792,880296,880296.0,880379.0,0.0
39793,880354,880379.0,880666.0,25.0
39786,879826,879826.0,880710.0,0.0
39795,880648,880660.0,880713.0,12.0
39785,879803,879826.0,880727.0,23.0
39796,880660,880660.0,880733.0,0.0
39769,878508,879133.0,881182.0,625.0
39806,881844,881844.0,882134.0,0.0
39808,882010,882289.0,882320.0,279.0
39809,882289,882289.0,882355.0,0.0
39799,881149,881149.0,882428.0,0.0
39801,881170,881182.0,882440.0,12.0
39811,882395,882430.0,882462.0,35.0
39794,880571,880666.0,882649.0,95.0
39810,882306,882649.0,882989.0,343.0
39814,882553,882989.0,883191.0,436.0
39789,880012,880012.0,883437.0,0.0
39790,880051,880051.0,883438.0,0.0
39818,883104,883437.0,883467.0,333.0
39813,882451,882553.0,883497.0,102.0
39821,883473,883473.0,883542.0,0.0
39815,882631,883191.0,883782.0,560.0
39816,882790,883437.0,883805.0,647.0
39817,883005,883782.0,883856.0,777.0
39823,883623,883623.0,883939.0,0.0
39824,883765,883765.0,884117.0,0.0
39800,881159,883859.0,884148.0,2700.0
39820,883400,884117.0,884258.0,717.0
39822,883564,884258.0,884634.0,694.0
39828,884105,884105.0,885018.0,0.0
39833,884664,885018.0,885037.0,354.0
39830,884366,885075.0,885097.0,709.0
39832,884499,885075.0,885100.0,576.0
39807,881999,885075.0,885149.0,3076.0
39829,884300,885149.0,885236.0,849.0
39831,884440,885236.0,885319.0,796.0
39827,884083,884634.0,885567.0,551.0
39836,885561,885561.0,885581.0,0.0
39812,882430,885130.0,886093.0,2700.0
39819,883293,883856.0,886121.0,563.0
39835,884896,885075.0,886182.0,179.0
39839,885956,885956.0,886325.0,0.0
39834,884823,885319.0,886501.0,496.0
39842,886338,886338.0,886505.0,0.0
39837,885602,885602.0,886525.0,0.0
39838,885623,885623.0,886527.0,0.0
39740,876304,876304.0,888314.0,0.0
39844,888823,888823.0,888839.0,0.0
39845,888856,888856.0,888873.0,0.0
39846,888906,888906.0,889130.0,0.0
39847,889222,889222.0,889318.0,0.0
39848,889669,889669.0,889749.0,0.0
39826,883991,883991.0,892158.0,0.0
39841,886091,886121.0,892187.0,30.0
39851,890994,892158.0,892192.0,1164.0
39840,886028,886121.0,892249.0,93.0
39843,886374,886501.0,892284.0,127.0
39825,883959,884634.0,892832.0,675.0
39854,892789,892789.0,892832.0,0.0
39856,892877,892877.0,892913.0,0.0
39857,892916,892916.0,893055.0,0.0
39858,893063,893063.0,893097.0,0.0
39859,893155,893155.0,893174.0,0.0
39860,893265,893265.0,893300.0,0.0
39861,893304,893304.0,893337.0,0.0
39862,893351,893351.0,893392.0,0.0
39864,893403,893403.0,893429.0,0.0
39849,890858,893558.0,893637.0,2700.0
39850,890941,893641.0,893675.0,2700.0
39863,893374,893374.0,894518.0,0.0
39865,894647,894647.0,894676.0,0.0
39852,891059,894887.0,894933.0,3828.0
39853,892759,892759.0,895143.0,0.0
39855,892832,892832.0,895143.0,0.0
39866,895730,895730.0,906008.0,0.0
39871,906317,906317.0,908360.0,0.0
39872,906382,906382.0,908360.0,0.0
39868,895844,899429.0,909604.0,3585.0
39867,895745,899429.0,909699.0,3684.0
39869,906024,912399.0,912502.0,6375.0
39915,913339,913339.0,913443.0,0.0
39916,913517,913517.0,913649.0,0.0
39917,913673,913673.0,913939.0,0.0
39882,908878,912502.0,919940.0,3624.0
39881,908803,912502.0,920012.0,3699.0
39870,906131,912502.0,922679.0,6371.0
39938,916319,926012.0,926127.0,9693.0
40046,929674,932374.0,932397.0,2700.0
39939,916439,926127.0,936293.0,9688.0
40082,933568,936268.0,936829.0,2700.0
40103,937040,937040.0,937061.0,0.0
40051,929854,936293.0,937231.0,6439.0
40093,935071,937771.0,937878.0,2700.0
40098,935898,938598.0,938623.0,2700.0
40101,936510,939210.0,939268.0,2700.0
40121,940591,940591.0,940613.0,0.0
40122,940630,940630.0,940651.0,0.0
40060,930827,937231.0,940678.0,6404.0
40123,940710,943410.0,943456.0,2700.0
40126,941008,943456.0,943478.0,2448.0
40124,940764,943464.0,943485.0,2700.0
40129,941145,943478.0,943502.0,2333.0
40127,941070,943456.0,943512.0,2386.0
40133,941266,943512.0,943533.0,2246.0
40130,941171,943485.0,943555.0,2314.0
40132,941244,943502.0,943581.0,2258.0
40134,941401,943533.0,943585.0,2132.0
40138,941549,943581.0,943602.0,2032.0
40136,941462,943555.0,943610.0,2093.0
40139,941633,943585.0,943629.0,1952.0
40141,941753,943610.0,943632.0,1857.0
40144,942008,943629.0,943651.0,1621.0
40145,942066,943632.0,943693.0,1566.0
40146,942072,943651.0,943698.0,1579.0
40149,942556,943698.0,943743.0,1142.0
40090,934298,940678.0,943821.0,6380.0
40128,941102,943802.0,943824.0,2700.0
40162,943779,943824.0,943845.0,45.0
40157,942878,943743.0,943887.0,865.0
40140,941678,943602.0,943920.0,1924.0
40125,940979,943878.0,943933.0,2899.0
40135,941446,943920.0,944098.0,2474.0
40151,942712,944098.0,944099.0,1386.0
40159,942959,944098.0,944144.0,1139.0
40152,942724,944099.0,944148.0,1375.0
40147,942218,943693.0,944229.0,1475.0
40137,941531,944231.0,944251.0,2700.0
40112,938527,944229.0,944421.0,5702.0
40115,938904,944421.0,944476.0,5517.0
40116,939015,944476.0,944511.0,5461.0
40143,941965,944511.0,944573.0,2546.0
40163,943783,944573.0,944615.0,790.0
40164,943849,944573.0,944615.0,724.0
40165,943896,944573.0,944620.0,677.0
40172,944513,944615.0,944685.0,102.0
40169,944184,944573.0,944706.0,389.0
40167,944045,944706.0,944864.0,661.0
40178,944967,944967.0,944990.0,0.0
40170,944275,944864.0,945006.0,589.0
40105,937478,943821.0,945188.0,6343.0
40150,942652,945352.0,945370.0,2700.0
40171,944456,945006.0,945387.0,550.0
40182,945413,945413.0,945458.0,0.0
40155,942825,945525.0,945546.0,2700.0
40185,945659,945659.0,945698.0,0.0
40186,945754,945754.0,945800.0,0.0
40188,945870,945870.0,945915.0,0.0
40180,945013,945387.0,946525.0,374.0
40184,945514,945514.0,947629.0,0.0
40197,946790,946790.0,947685.0,0.0
40198,946812,946812.0,947688.0,0.0
40031,927735,932374.0,947969.0,4639.0
40210,948138,948138.0,948153.0,0.0
40212,948890,948890.0,948930.0,0.0
40213,948952,948952.0,948974.0,0.0
40215,949002,949002.0,949032.0,0.0
40214,948980,948980.0,949035.0,0.0
40216,949099,949099.0,949116.0,0.0
40218,949347,949347.0,949352.0,0.0
40219,949429,949429.0,949439.0,0.0
40220,949476,949476.0,949485.0,0.0
40226,949716,949716.0,949752.0,0.0
40228,949757,949757.0,949784.0,0.0
40224,949621,949621.0,949877.0,0.0
40030,927712,936293.0,951910.0,8581.0
40166,943990,951910.0,952032.0,7920.0
40114,938882,945188.0,952055.0,6306.0
40229,949896,949896.0,952241.0,0.0
40230,949918,949918.0,952242.0,0.0
40231,949937,952637.0,952638.0,2700.0
40232,950167,952867.0,952895.0,2700.0
40179,944968,952032.0,953213.0,7064.0
40234,950407,953107.0,953246.0,2700.0
40187,945786,953213.0,953279.0,7427.0
40236,950621,953321.0,953322.0,2700.0
40237,950629,953329.0,953704.0,2700.0
40235,950458,953629.0,953793.0,3171.0
40244,951305,954005.0,954026.0,2700.0
40183,945441,952055.0,954244.0,6614.0
40196,946682,954244.0,954301.0,7562.0
40200,947337,954301.0,954365.0,6964.0
40246,951674,954374.0,954395.0,2700.0
40204,947819,954365.0,954420.0,6546.0
40247,951767,954467.0,954514.0,2700.0
40249,951834,954534.0,954623.0,2700.0
39941,916688,926127.0,954665.0,9439.0
39940,916619,926127.0,954733.0,9508.0
40250,952106,954806.0,955014.0,2700.0
40265,955209,955209.0,955252.0,0.0
40266,955389,955389.0,955399.0,0.0
40268,955459,955459.0,955508.0,0.0
40259,955042,955042.0,956051.0,0.0
40261,955065,955065.0,956052.0,0.0
40251,952126,956493.0,956538.0,4367.0
40271,955790,956538.0,956574.0,748.0
40262,955119,955119.0,956814.0,0.0
40264,955189,956814.0,956845.0,1625.0
40195,946561,953279.0,957004.0,6718.0
40278,956831,957004.0,957053.0,173.0
40280,957344,957344.0,957372.0,0.0
40260,955060,955060.0,957439.0,0.0
40282,957518,957518.0,957555.0,0.0
40284,957570,957570.0,957591.0,0.0
40292,958204,958204.0,958246.0,0.0
40293,958435,958435.0,958478.0,0.0
40294,958491,958491.0,958511.0,0.0
40285,957595,957595.0,958512.0,0.0
40286,957618,957618.0,958513.0,0.0
40298,958819,958819.0,958837.0,0.0
40283,957559,957559.0,958858.0,0.0
40295,958514,958514.0,959506.0,0.0
40296,958536,958536.0,959509.0,0.0
40263,955188,958241.0,959868.0,3053.0
40299,958912,958912.0,960036.0,0.0
40308,960039,960039.0,960060.0,0.0
40309,960052,960052.0,960090.0,0.0
40302,959353,960036.0,960466.0,683.0
40310,960066,960466.0,960910.0,400.0
40301,959324,962574.0,963033.0,3250.0
40311,960074,963166.0,963170.0,3092.0
40344,962732,963170.0,963185.0,438.0
40330,961626,963170.0,963188.0,1544.0
40316,960827,963033.0,963271.0,2206.0
40317,960872,963572.0,963766.0,2700.0
40313,960557,960910.0,963852.0,353.0
40325,961370,963852.0,963871.0,2482.0
40320,961103,963803.0,963920.0,2700.0
40332,961749,963852.0,963921.0,2103.0
40326,961396,963852.0,963933.0,2456.0
40331,961646,963852.0,963940.0,2206.0
40336,962095,963871.0,963947.0,1776.0
40338,962302,963921.0,963979.0,1619.0
40337,962183,963920.0,963988.0,1737.0
40339,962367,963940.0,964002.0,1573.0
40340,962438,963947.0,964009.0,1509.0
40319,961087,963271.0,964027.0,2184.0
40343,962627,963988.0,964050.0,1361.0
40341,962509,963979.0,964052.0,1470.0
40345,962795,964002.0,964062.0,1207.0
40327,961490,963852.0,964074.0,2362.0
40346,962861,964009.0,964078.0,1148.0
40359,963502,964074.0,964092.0,572.0
40366,964050,964074.0,964102.0,24.0
40349,962962,964052.0,964109.0,1090.0
40362,963731,964074.0,964113.0,343.0
40334,961894,963188.0,964114.0,1294.0
40361,963675,964074.0,964117.0,399.0
40351,963116,964062.0,964150.0,946.0
40354,963231,964109.0,964179.0,878.0
40358,963478,964150.0,964278.0,672.0
40315,960767,963467.0,964446.0,2700.0
40314,960743,963467.0,964468.0,2724.0
40321,961142,963766.0,964469.0,2624.0
40352,963136,964078.0,964485.0,942.0
40322,961188,964246.0,964527.0,3058.0
40348,962938,964050.0,964657.0,1112.0
40347,962902,964027.0,964671.0,1125.0
40333,961873,963852.0,964797.0,1979.0
40372,964807,964807.0,964827.0,0.0
40368,964107,964107.0,965185.0,0.0
40367,964085,964117.0,965215.0,32.0
40364,963866,964671.0,965338.0,805.0
40363,963835,964671.0,965367.0,836.0
40377,965057,965367.0,965442.0,310.0
40378,965376,965376.0,965442.0,0.0
40379,965388,965388.0,965443.0,0.0
40381,965477,965477.0,965539.0,0.0
40383,965552,965583.0,965640.0,31.0
40386,965665,965665.0,965719.0,0.0
40384,965583,965583.0,965720.0,0.0
40385,965601,965665.0,965725.0,64.0
40360,963536,964485.0,965737.0,949.0
40387,965672,965721.0,965773.0,49.0
40388,965721,965721.0,965815.0,0.0
40382,965548,965737.0,965910.0,189.0
40391,965840,965840.0,965942.0,0.0
40392,965933,965933.0,966004.0,0.0
40393,965945,965945.0,966035.0,0.0
40396,966015,966015.0,966081.0,0.0
40397,966050,966050.0,966130.0,0.0
40399,966146,966146.0,966154.0,0.0
40270,955569,956051.0,966162.0,482.0
40398,966107,966107.0,966165.0,0.0
40400,966174,966174.0,966180.0,0.0
40401,966194,966194.0,966248.0,0.0
40409,966932,966932.0,966995.0,0.0
40269,955507,956845.0,967020.0,1338.0
40411,967013,967020.0,967126.0,7.0
40404,966491,966699.0,967352.0,208.0
40415,967228,967228.0,967534.0,0.0
40403,966451,967020.0,967710.0,569.0
40419,967743,967743.0,967763.0,0.0
40417,967713,967713.0,967767.0,0.0
40407,966699,966699.0,967806.0,0.0
40420,967874,967874.0,967936.0,0.0
40408,966724,966932.0,968016.0,208.0
40390,965830,965840.0,968031.0,10.0
40422,968050,968050.0,968166.0,0.0
40389,965748,965910.0,968183.0,162.0
40374,964876,965367.0,968229.0,491.0
40427,968378,968378.0,968733.0,0.0
40433,968977,968977.0,969167.0,0.0
40435,969330,969330.0,969351.0,0.0
40441,970732,970732.0,970752.0,0.0
40426,968236,968236.0,971047.0,0.0
40439,970597,971047.0,971594.0,450.0
40454,971930,971930.0,972448.0,0.0
40455,971962,972448.0,972935.0,486.0
40468,973469,973469.0,973486.0,0.0
40443,971049,973749.0,973766.0,2700.0
40444,971086,973786.0,973826.0,2700.0
40445,971240,973940.0,973947.0,2700.0
40472,974198,974198.0,974221.0,0.0
40440,970628,973747.0,974263.0,3119.0
40459,972506,974263.0,974509.0,1757.0
40471,973886,974509.0,974783.0,623.0
40476,974317,974783.0,974908.0,466.0
40478,974362,974908.0,974929.0,546.0
40457,972459,975167.0,975173.0,2708.0
40486,975223,975223.0,975242.0,0.0
40487,975226,975226.0,975256.0,0.0
40451,971531,974231.0,975272.0,2700.0
40450,971509,974229.0,975289.0,2720.0
40467,973426,975167.0,975346.0,1741.0
40458,972471,975173.0,975453.0,2702.0
40488,975452,975452.0,975475.0,0.0
40466,973157,975453.0,975679.0,2296.0
40485,975178,975272.0,975869.0,94.0
40470,973862,975679.0,975976.0,1817.0
40475,974275,975976.0,976145.0,1701.0
40491,976141,976141.0,976161.0,0.0
40494,976608,976608.0,976626.0,0.0
40489,975634,975634.0,976693.0,0.0
40490,975655,975655.0,976695.0,0.0
40446,971314,974229.0,977110.0,2915.0
40484,975131,977110.0,977752.0,1979.0
40495,977251,977752.0,977769.0,501.0
40477,974352,976145.0,979041.0,1793.0
40497,979500,979500.0,979514.0,0.0
40423,968051,968051.0,979627.0,0.0
40424,968128,968128.0,979627.0,0.0
40501,979802,979802.0,979845.0,0.0
40502,979857,979857.0,979876.0,0.0
40499,979721,979721.0,979959.0,0.0
40500,979785,979785.0,979961.0,0.0
40505,979988,979988.0,980583.0,0.0
40506,980064,980064.0,980584.0,0.0
40503,979881,979881.0,981978.0,0.0
40504,979903,979903.0,981980.0,0.0
40493,976466,976466.0,982139.0,0.0
40519,982092,982092.0,982144.0,0.0
40518,982070,982070.0,982150.0,0.0
40512,980676,980676.0,982161.0,0.0
40510,980611,980611.0,982172.0,0.0
40492,976440,977752.0,983451.0,1312.0
40522,982195,986151.0,991884.0,3956.0
40537,990666,991884.0,991893.0,1218.0
40524,987965,991884.0,993862.0,3919.0
40523,987941,991884.0,993883.0,3943.0
40521,982148,984872.0,994771.0,2724.0
40527,988257,991884.0,995682.0,3627.0
40526,988203,991884.0,995733.0,3681.0
40545,992059,1001733.0,1001839.0,9674.0
40552,992417,1001839.0,1011434.0,9422.0
40550,992354,1001839.0,1011492.0,9485.0
40546,992171,1001839.0,1011674.0,9668.0
40648,1016966,1019666.0,1019696.0,2700.0
40638,1016070,1019666.0,1020536.0,3596.0
40624,1002023,1011674.0,1021501.0,9651.0
40630,1014484,1021501.0,1021531.0,7017.0
40665,1022962,1022962.0,1023019.0,0.0
40666,1023228,1023228.0,1023302.0,0.0
40667,1023320,1026020.0,1026103.0,2700.0
40670,1025042,1026103.0,1026165.0,1061.0
40671,1025142,1026165.0,1026237.0,1023.0
40672,1025339,1026237.0,1026266.0,898.0
40669,1024876,1027576.0,1027592.0,2700.0
40668,1024858,1027558.0,1027749.0,2700.0
40692,1027669,1027749.0,1027791.0,80.0
40689,1027550,1027749.0,1027801.0,199.0
40694,1028367,1028367.0,1028421.0,0.0
40674,1025800,1028500.0,1028519.0,2700.0
40699,1028988,1028988.0,1029012.0,0.0
40702,1029137,1029137.0,1029158.0,0.0
40703,1029202,1029202.0,1029228.0,0.0
40704,1029222,1029222.0,1029243.0,0.0
40706,1029668,1029668.0,1029689.0,0.0
40707,1029735,1029735.0,1029739.0,0.0
40708,1029967,1029967.0,1029972.0,0.0
40710,1030008,1030008.0,1030024.0,0.0
40711,1030011,1030011.0,1030032.0,0.0
40712,1030041,1030041.0,1030063.0,0.0
40716,1030440,1030645.0,1030654.0,205.0
40722,1030796,1033801.0,1033827.0,3005.0
40720,1030645,1033791.0,1033835.0,3146.0
40723,1030919,1033827.0,1033874.0,2908.0
40731,1031526,1034226.0,1034242.0,2700.0
40760,1034217,1034242.0,1034269.0,25.0
40714,1030205,1033749.0,1034424.0,3544.0
40732,1031563,1034421.0,1034440.0,2858.0
40726,1031095,1034424.0,1034453.0,3329.0
40724,1030930,1033874.0,1034510.0,2944.0
40736,1031867,1034510.0,1034536.0,2643.0
40734,1031755,1034510.0,1034546.0,2755.0
40737,1031901,1034536.0,1034562.0,2635.0
40738,1031972,1034546.0,1034584.0,2574.0
40768,1034576,1034576.0,1034597.0,0.0
40739,1032026,1034562.0,1034600.0,2536.0
40771,1034808,1034808.0,1034815.0,0.0
40733,1031624,1034453.0,1035106.0,2829.0
40746,1032661,1035106.0,1035194.0,2445.0
40751,1033575,1035194.0,1035213.0,1619.0
40748,1032746,1035194.0,1035235.0,2448.0
40744,1032499,1034600.0,1035237.0,2101.0
40754,1033724,1035235.0,1035278.0,1511.0
40755,1033827,1035237.0,1035288.0,1410.0
40775,1035267,1035267.0,1035292.0,0.0
40776,1035276,1035276.0,1035294.0,0.0
40757,1034151,1035278.0,1035331.0,1127.0
40759,1034213,1035288.0,1035340.0,1075.0
40767,1034485,1035340.0,1035360.0,855.0
40769,1034586,1035360.0,1035364.0,774.0
40747,1032696,1035396.0,1035413.0,2700.0
40676,1026026,1026266.0,1035504.0,240.0
40752,1033580,1035213.0,1035559.0,1633.0
40772,1034966,1035559.0,1035562.0,593.0
40756,1033977,1035237.0,1035599.0,1260.0
40770,1034618,1035364.0,1035676.0,746.0
40750,1033091,1035791.0,1035797.0,2700.0
40774,1035144,1035562.0,1035905.0,418.0
40780,1035862,1036118.0,1036127.0,256.0
40784,1036118,1036118.0,1036266.0,0.0
40788,1036311,1036311.0,1036352.0,0.0
40789,1036390,1036390.0,1036435.0,0.0
40790,1036508,1036508.0,1036570.0,0.0
40791,1036519,1036519.0,1036606.0,0.0
40793,1036734,1036734.0,1036802.0,0.0
40795,1036928,1036928.0,1036944.0,0.0
40766,1034479,1035331.0,1037004.0,852.0
40798,1037101,1037101.0,1037107.0,0.0
40797,1037079,1037079.0,1037120.0,0.0
40764,1034393,1035504.0,1037268.0,1111.0
40801,1037242,1037242.0,1037287.0,0.0
40802,1037281,1037281.0,1037340.0,0.0
40803,1037391,1037391.0,1037457.0,0.0
40804,1037412,1037412.0,1037471.0,0.0
40805,1037510,1037510.0,1037565.0,0.0
40808,1037652,1037652.0,1037724.0,0.0
40811,1037718,1037718.0,1037780.0,0.0
40810,1037715,1037724.0,1037796.0,9.0
40814,1037966,1037966.0,1037972.0,0.0
40815,1038007,1038007.0,1038149.0,0.0
40819,1038351,1038351.0,1038368.0,0.0
40821,1038535,1038535.0,1038557.0,0.0
40777,1035508,1037268.0,1038835.0,1760.0
40823,1038698,1038698.0,1038891.0,0.0
40787,1036272,1036272.0,1038904.0,0.0
40822,1038583,1038904.0,1038976.0,321.0
40826,1039027,1039027.0,1039057.0,0.0
40827,1039038,1039038.0,1039061.0,0.0
40828,1039046,1039057.0,1039275.0,11.0
40836,1039425,1039425.0,1039464.0,0.0
40652,1019461,1021501.0,1039473.0,2040.0
40794,1036854,1039473.0,1039545.0,2619.0
40796,1037006,1039473.0,1039625.0,2467.0
40832,1039284,1039545.0,1039759.0,261.0
40839,1039571,1039759.0,1039802.0,188.0
40842,1039851,1039851.0,1039878.0,0.0
40843,1040003,1040003.0,1040051.0,0.0
40653,1019485,1022185.0,1040137.0,2700.0
40846,1040395,1040395.0,1040600.0,0.0
40849,1040616,1040616.0,1040661.0,0.0
40627,1002374,1011674.0,1040714.0,9300.0
40850,1040635,1040714.0,1040751.0,79.0
40852,1040713,1040751.0,1040881.0,38.0
40853,1041000,1041000.0,1041048.0,0.0
40855,1041061,1041061.0,1041187.0,0.0
40785,1036178,1038835.0,1041260.0,2657.0
40860,1041343,1041343.0,1041369.0,0.0
40816,1038198,1041260.0,1041379.0,3062.0
40858,1041242,1041242.0,1041458.0,0.0
40799,1037162,1039759.0,1041951.0,2597.0
40825,1038909,1041951.0,1042071.0,3042.0
40833,1039329,1042071.0,1042196.0,2742.0
40847,1040398,1040398.0,1042602.0,0.0
40848,1040427,1040600.0,1042780.0,173.0
40830,1039226,1041926.0,1042832.0,2700.0
40870,1042933,1042933.0,1042940.0,0.0
40873,1043018,1043018.0,1043060.0,0.0
40872,1043013,1043013.0,1043071.0,0.0
40874,1043049,1043049.0,1043125.0,0.0
40875,1043093,1043093.0,1043138.0,0.0
40626,1002309,1014134.0,1043238.0,11825.0
40878,1043230,1043230.0,1043377.0,0.0
40865,1042511,1042511.0,1043425.0,0.0
40879,1043351,1043351.0,1043435.0,0.0
40881,1043404,1043404.0,1043478.0,0.0
40884,1043527,1043527.0,1043558.0,0.0
40840,1039751,1043238.0,1043618.0,3487.0
40885,1043602,1043602.0,1043713.0,0.0
40886,1043718,1043718.0,1043786.0,0.0
40887,1043933,1043933.0,1043983.0,0.0
40888,1044005,1044005.0,1044065.0,0.0
40889,1044075,1044075.0,1044153.0,0.0
40835,1039370,1042196.0,1044164.0,2826.0
40890,1044157,1044157.0,1044345.0,0.0
40891,1044466,1044496.0,1044505.0,30.0
40893,1044496,1044496.0,1044558.0,0.0
40895,1044688,1044688.0,1044751.0,0.0
40894,1044597,1044688.0,1044773.0,91.0
40820,1038391,1038391.0,1044822.0,0.0
40899,1044870,1044870.0,1045012.0,0.0
40902,1045067,1045067.0,1045074.0,0.0
40900,1044921,1045067.0,1045093.0,146.0
40898,1044849,1044870.0,1045364.0,21.0
40907,1045379,1045379.0,1045387.0,0.0
40909,1045422,1045422.0,1045496.0,0.0
40861,1041375,1043618.0,1045642.0,2243.0
40880,1043397,1043397.0,1045771.0,0.0
40882,1043429,1043429.0,1045774.0,0.0
40917,1045948,1045948.0,1046047.0,0.0
40920,1046138,1046138.0,1046142.0,0.0
40921,1046176,1046176.0,1046342.0,0.0
40918,1046051,1046051.0,1046350.0,0.0
40883,1043437,1045642.0,1047117.0,2205.0
40904,1045263,1047117.0,1047260.0,1854.0
40877,1043220,1043220.0,1047797.0,0.0
40932,1046753,1047797.0,1047809.0,1044.0
40933,1046957,1047809.0,1047817.0,852.0
40818,1038343,1041379.0,1047856.0,3036.0
40937,1047295,1047809.0,1047861.0,514.0
40939,1047427,1047817.0,1047882.0,390.0
40942,1047837,1047856.0,1047889.0,19.0
40911,1045650,1047856.0,1047894.0,2206.0
40935,1046992,1047809.0,1047897.0,817.0
40922,1046235,1047894.0,1047966.0,1659.0
40934,1046969,1047897.0,1048006.0,928.0
40905,1045295,1047995.0,1048030.0,2700.0
40903,1045106,1047963.0,1048057.0,2857.0
40912,1045708,1048057.0,1048098.0,2349.0
40914,1045768,1048098.0,1048130.0,2330.0
40915,1045844,1048130.0,1048179.0,2286.0
40913,1045743,1047856.0,1048210.0,2113.0
40926,1046495,1048210.0,1048330.0,1715.0
40938,1047416,1048330.0,1048423.0,914.0
40876,1043154,1044164.0,1048806.0,1010.0
40943,1047866,1048806.0,1048884.0,940.0
40944,1048033,1048884.0,1048928.0,851.0
40929,1046669,1049435.0,1049463.0,2766.0
40927,1046546,1049435.0,1049506.0,2889.0
40931,1046751,1049478.0,1049529.0,2727.0
40941,1047549,1047856.0,1049987.0,307.0
40916,1045897,1048179.0,1050117.0,2282.0
40947,1048099,1050117.0,1050121.0,2018.0
40950,1048200,1050121.0,1050193.0,1921.0
40906,1045363,1047260.0,1050292.0,1897.0
40964,1050262,1050262.0,1050298.0,0.0
40924,1046491,1048057.0,1050307.0,1566.0
40955,1048546,1050292.0,1050329.0,1746.0
40940,1047528,1048423.0,1050572.0,895.0
40965,1050370,1050537.0,1050574.0,167.0
40966,1050537,1050574.0,1050621.0,37.0
40967,1050594,1050621.0,1050639.0,27.0
40968,1050617,1050639.0,1050685.0,22.0
40971,1050743,1050914.0,1050956.0,171.0
40972,1050914,1051040.0,1051078.0,126.0
40973,1051040,1051241.0,1051280.0,201.0
40975,1051241,1051325.0,1051365.0,84.0
40946,1048055,1048928.0,1051406.0,873.0
40976,1051325,1051406.0,1051500.0,81.0
40980,1051654,1051654.0,1051701.0,0.0
40984,1051936,1051936.0,1051974.0,0.0
40954,1048385,1048423.0,1052065.0,38.0
40908,1045413,1049238.0,1052221.0,3825.0
40958,1048856,1050572.0,1052831.0,1716.0
40989,1052674,1052831.0,1052862.0,157.0
40990,1052709,1052869.0,1052906.0,160.0
40992,1052869,1052869.0,1052965.0,0.0
40995,1053156,1053156.0,1053178.0,0.0
40993,1052890,1053156.0,1053232.0,266.0
40969,1050687,1051406.0,1053872.0,719.0
40952,1048313,1050193.0,1053907.0,1880.0
40977,1051462,1054162.0,1054306.0,2700.0
41003,1054147,1054147.0,1054597.0,0.0
40987,1052128,1052674.0,1055188.0,546.0
41000,1053334,1053334.0,1055885.0,0.0
40999,1053308,1053334.0,1055907.0,26.0
41004,1054627,1054627.0,1055975.0,0.0
40986,1052053,1053872.0,1056460.0,1819.0
41006,1054869,1055975.0,1057252.0,1106.0
41005,1054804,1055975.0,1057317.0,1171.0
40985,1052046,1052065.0,1058417.0,19.0
41012,1058411,1058411.0,1058433.0,0.0
41013,1058427,1058427.0,1058753.0,0.0
41007,1056018,1056460.0,1058848.0,442.0
41015,1058783,1058848.0,1058857.0,65.0
41016,1059019,1059019.0,1059024.0,0.0
41014,1058626,1058848.0,1059587.0,222.0
41017,1059077,1059077.0,1059798.0,0.0
41019,1059896,1059896.0,1059949.0,0.0
41020,1059981,1059981.0,1060015.0,0.0
41023,1060134,1060134.0,1060172.0,0.0
41022,1060064,1060134.0,1060177.0,70.0
41018,1059390,1059587.0,1060233.0,197.0
41010,1056304,1059004.0,1061062.0,2700.0
41011,1056326,1059026.0,1061065.0,2700.0
41009,1056214,1056214.0,1061239.0,0.0
41027,1061558,1061558.0,1061786.0,0.0
41025,1061387,1061532.0,1062359.0,145.0
41008,1056151,1057317.0,1062405.0,1166.0
40957,1048795,1050307.0,1062813.0,1512.0
40956,1048754,1050329.0,1062875.0,1575.0
41026,1061532,1062875.0,1063127.0,1343.0
41024,1061327,1062405.0,1063291.0,1078.0
41031,1062512,1063291.0,1063661.0,779.0
41028,1061626,1064326.0,1064345.0,2700.0
41021,1060063,1060233.0,1068700.0,170.0
41030,1062294,1062294.0,1068836.0,0.0
41029,1062222,1063127.0,1069441.0,905.0
41034,1068539,1071239.0,1071280.0,2700.0
41033,1062920,1062920.0,1072513.0,0.0
41032,1062896,1063661.0,1073278.0,765.0
41035,1068541,1069441.0,1080376.0,900.0
41041,1080492,1080492.0,1080502.0,0.0
41042,1080707,1080707.0,1080712.0,0.0
41037,1072573,1073278.0,1080858.0,705.0
41036,1072544,1075441.0,1083050.0,2897.0
41039,1079754,1080376.0,1087185.0,622.0
41038,1079691,1080376.0,1087245.0,685.0
41087,1086546,1089246.0,1089255.0,2700.0
41088,1086575,1089275.0,1100214.0,2700.0
41249,1101506,1101506.0,1101575.0,0.0
41250,1101582,1101582.0,1101873.0,0.0
41259,1102032,1102032.0,1102486.0,0.0
41318,1105152,1107852.0,1107944.0,2700.0
41321,1105294,1107944.0,1108014.0,2650.0
41325,1105390,1108014.0,1108070.0,2624.0
41328,1105555,1108070.0,1108132.0,2515.0
41330,1105627,1108132.0,1108202.0,2505.0
41337,1105758,1108202.0,1108283.0,2444.0
41341,1105864,1108283.0,1108356.0,2419.0
41345,1106049,1108356.0,1108428.0,2307.0
41348,1106148,1108428.0,1108501.0,2280.0
41351,1106303,1108501.0,1108513.0,2198.0
41301,1104211,1108486.0,1108533.0,4275.0
41352,1106413,1108513.0,1108548.0,2100.0
41340,1105855,1108555.0,1108579.0,2700.0
41354,1106511,1108548.0,1108608.0,2037.0
41305,1104325,1108533.0,1108718.0,4208.0
41355,1106572,1108608.0,1109269.0,2036.0
41371,1108017,1109269.0,1109333.0,1252.0
41374,1108492,1109333.0,1109353.0,841.0
41375,1108527,1109353.0,1109704.0,826.0
41361,1107268,1109968.0,1109972.0,2700.0
41365,1107372,1108718.0,1110664.0,1346.0
41384,1109491,1110664.0,1110800.0,1173.0
41392,1110410,1110800.0,1110832.0,390.0
41395,1110496,1110832.0,1111022.0,336.0
41400,1111112,1111112.0,1111578.0,0.0
41405,1111945,1111945.0,1112008.0,0.0
41366,1107412,1110112.0,1112020.0,2700.0
41410,1112231,1112231.0,1112493.0,0.0
41411,1112252,1112493.0,1112795.0,241.0
41414,1112738,1112795.0,1113107.0,57.0
41421,1113228,1113228.0,1113250.0,0.0
41422,1113295,1113295.0,1113310.0,0.0
41415,1112796,1113107.0,1113356.0,311.0
41423,1113311,1113356.0,1114105.0,45.0
41428,1113568,1114105.0,1114436.0,537.0
41431,1113801,1114436.0,1114601.0,635.0
41432,1113909,1114436.0,1114630.0,527.0
41433,1114047,1114601.0,1114678.0,554.0
41342,1105881,1108718.0,1115952.0,2837.0
41436,1114220,1115952.0,1115981.0,1732.0
41444,1115466,1115952.0,1115981.0,486.0
41445,1115544,1115981.0,1116109.0,437.0
41425,1113389,1116664.0,1116760.0,3275.0
41434,1114133,1116833.0,1116852.0,2700.0
41454,1116915,1116915.0,1116940.0,0.0
41438,1114304,1117004.0,1117010.0,2700.0
41455,1116944,1116944.0,1117016.0,0.0
41092,1086930,1087245.0,1117024.0,315.0
41091,1086862,1087245.0,1117093.0,383.0
41457,1117184,1117184.0,1117228.0,0.0
41459,1117298,1117298.0,1117318.0,0.0
41456,1117095,1117095.0,1117421.0,0.0
41435,1114155,1114678.0,1117674.0,523.0
41466,1118067,1118067.0,1118120.0,0.0
41467,1118148,1118148.0,1118166.0,0.0
41469,1118286,1118286.0,1118349.0,0.0
41446,1115636,1118336.0,1118355.0,2700.0
41472,1118411,1118411.0,1118535.0,0.0
41473,1118565,1118565.0,1118618.0,0.0
41474,1118831,1118831.0,1118961.0,0.0
41476,1118976,1118976.0,1119042.0,0.0
41460,1117319,1117319.0,1119053.0,0.0
41477,1119083,1119083.0,1119096.0,0.0
41479,1119132,1119132.0,1119325.0,0.0
41482,1119354,1119354.0,1119492.0,0.0
41478,1119098,1119098.0,1119853.0,0.0
41488,1119689,1119853.0,1119909.0,164.0
41490,1119769,1119853.0,1119914.0,84.0
41491,1119901,1119901.0,1119938.0,0.0
41492,1119906,1119906.0,1119956.0,0.0
41493,1120009,1120009.0,1120067.0,0.0
41487,1119559,1119559.0,1120110.0,0.0
41496,1120238,1120238.0,1120320.0,0.0
41497,1120494,1120494.0,1120580.0,0.0
41499,1120615,1120615.0,1120673.0,0.0
41500,1120813,1120813.0,1120876.0,0.0
41507,1121170,1121170.0,1121335.0,0.0
41501,1120891,1120891.0,1121337.0,0.0
41509,1121405,1121405.0,1121745.0,0.0
41510,1121503,1121745.0,1121935.0,242.0
41513,1121756,1121935.0,1121946.0,179.0
41512,1121706,1121745.0,1122028.0,39.0
41484,1119391,1122091.0,1122314.0,2700.0
41517,1122218,1122218.0,1122383.0,0.0
41522,1122625,1122625.0,1122665.0,0.0
41489,1119696,1122469.0,1122757.0,2773.0
41524,1122891,1122891.0,1122931.0,0.0
41525,1123047,1123047.0,1123106.0,0.0
41527,1123420,1123420.0,1123443.0,0.0
41529,1123464,1123464.0,1123471.0,0.0
41528,1123455,1123455.0,1123475.0,0.0
41530,1123479,1123479.0,1123500.0,0.0
41531,1123507,1123507.0,1123582.0,0.0
41532,1123560,1123560.0,1123584.0,0.0
41533,1123615,1123615.0,1123658.0,0.0
41535,1123863,1123863.0,1123957.0,0.0
41536,1123940,1123940.0,1123981.0,0.0
41508,1121194,1123894.0,1124036.0,2700.0
41537,1123996,1123996.0,1124058.0,0.0
41468,1118215,1118215.0,1124084.0,0.0
41470,1118302,1118302.0,1124084.0,0.0
41539,1124098,1124098.0,1124267.0,0.0
41545,1124433,1124433.0,1125131.0,0.0
41548,1125648,1125648.0,1126156.0,0.0
41549,1125656,1125656.0,1126685.0,0.0
41557,1127063,1127063.0,1127085.0,0.0
41555,1126732,1126732.0,1127178.0,0.0
41559,1127250,1127250.0,1127306.0,0.0
41558,1127211,1127211.0,1128292.0,0.0
41566,1127894,1128506.0,1128532.0,612.0
41569,1128873,1128873.0,1128894.0,0.0
41541,1124118,1124118.0,1129084.0,0.0
41542,1124189,1124189.0,1129084.0,0.0
41571,1129076,1129076.0,1129084.0,0.0
41514,1121791,1121946.0,1129239.0,155.0
41568,1128506,1129239.0,1129817.0,733.0
41494,1120025,1122760.0,1129983.0,2735.0
41562,1127375,1129084.0,1130175.0,1709.0
41574,1129854,1129864.0,1130296.0,10.0
41581,1130173,1130296.0,1130317.0,123.0
41579,1130041,1130296.0,1130413.0,255.0
41573,1129789,1129983.0,1130480.0,194.0
41584,1130247,1130413.0,1130490.0,166.0
41582,1130226,1130317.0,1130493.0,91.0
41515,1121821,1124521.0,1131784.0,2700.0
41593,1131566,1131784.0,1131806.0,218.0
41588,1130903,1131784.0,1131859.0,881.0
41595,1132369,1132369.0,1132388.0,0.0
41575,1129864,1132564.0,1132587.0,2700.0
41578,1129910,1130175.0,1132632.0,265.0
41577,1129907,1132607.0,1132643.0,2700.0
41583,1130244,1133085.0,1133114.0,2841.0
41597,1132446,1132632.0,1133408.0,186.0
41605,1134260,1134260.0,1134374.0,0.0
41607,1134731,1134731.0,1134753.0,0.0
41608,1135009,1135009.0,1135034.0,0.0
41572,1129766,1129817.0,1135076.0,51.0
41610,1135075,1135076.0,1135191.0,1.0
41609,1135066,1135076.0,1135671.0,10.0
41599,1133346,1133408.0,1137020.0,62.0
41625,1137050,1137050.0,1137149.0,0.0
41586,1130353,1130493.0,1137340.0,140.0
41585,1130316,1130480.0,1137361.0,164.0
41576,1129885,1132607.0,1137748.0,2722.0
41611,1135135,1137835.0,1138362.0,2700.0
41629,1138606,1138606.0,1138623.0,0.0
41619,1135927,1138627.0,1138647.0,2700.0
41630,1138683,1138683.0,1138700.0,0.0
41631,1138729,1138729.0,1139604.0,0.0
41622,1136939,1139639.0,1139644.0,2700.0
41623,1136960,1139660.0,1139688.0,2700.0
41624,1137016,1139716.0,1139733.0,2700.0
41613,1135682,1135682.0,1140346.0,0.0
41633,1139994,1140346.0,1140358.0,352.0
41626,1137079,1139779.0,1141382.0,2700.0
41632,1139648,1139648.0,1142024.0,0.0
41639,1142035,1142035.0,1142045.0,0.0
41638,1142029,1142029.0,1142050.0,0.0
41615,1135748,1138448.0,1143047.0,2700.0
41640,1142079,1142079.0,1144459.0,0.0
41642,1144465,1144465.0,1144473.0,0.0
41641,1144461,1144461.0,1144481.0,0.0
41643,1144510,1144510.0,1146903.0,0.0
41644,1146905,1146905.0,1146931.0,0.0
41645,1147227,1147227.0,1149558.0,0.0
41647,1149560,1149560.0,1149585.0,0.0
41648,1150679,1150679.0,1150688.0,0.0
41646,1148023,1150723.0,1150740.0,2700.0
41649,1150790,1150790.0,1151624.0,0.0
41634,1140363,1140363.0,1154925.0,0.0
41651,1161140,1163840.0,1164015.0,2700.0
41656,1163198,1164015.0,1164037.0,817.0
41652,1162001,1164701.0,1165139.0,2700.0
41636,1140707,1141382.0,1165204.0,675.0
41653,1162757,1165457.0,1165595.0,2700.0
41654,1162935,1165635.0,1165660.0,2700.0
41655,1163021,1165721.0,1165744.0,2700.0
41650,1154931,1157631.0,1167227.0,2700.0
41635,1140428,1143128.0,1167234.0,2700.0
41637,1140739,1144082.0,1167872.0,3343.0
41657,1164538,1167227.0,1172364.0,2689.0
41679,1682786,1685486.0,1685792.0,2700.0
41702,1690717,1693417.0,1694718.0,2700.0
41680,1683107,1685807.0,1695376.0,2700.0
41709,1692675,1697418.0,1707071.0,4743.0
41780,1712272,1714972.0,1714975.0,2700.0
41786,1712887,1715587.0,1715604.0,2700.0
41787,1713050,1715750.0,1715818.0,2700.0
41799,1716148,1716148.0,1716231.0,0.0
41790,1714067,1716767.0,1716837.0,2700.0
41796,1715030,1717730.0,1717782.0,2700.0
41803,1717909,1720609.0,1720656.0,2700.0
41804,1717936,1720636.0,1720657.0,2700.0
41770,1709237,1711937.0,1720787.0,2700.0
41806,1718013,1720795.0,1720829.0,2782.0
41805,1718002,1720787.0,1720888.0,2785.0
41814,1718682,1720888.0,1720912.0,2206.0
41825,1721049,1721049.0,1721062.0,0.0
41826,1721169,1721169.0,1721358.0,0.0
41815,1718745,1721818.0,1721879.0,3073.0
41832,1722162,1722162.0,1722221.0,0.0
41823,1720423,1723123.0,1723145.0,2700.0
41838,1723331,1723331.0,1723355.0,0.0
41837,1722831,1723331.0,1723369.0,500.0
41827,1721463,1721463.0,1726227.0,0.0
41853,1726391,1726391.0,1726655.0,0.0
41835,1722662,1726912.0,1727137.0,4250.0
41860,1726884,1727137.0,1727227.0,253.0
41861,1726990,1727227.0,1727337.0,237.0
41864,1727366,1727366.0,1727400.0,0.0
41865,1727420,1727420.0,1727447.0,0.0
41866,1727463,1727463.0,1727492.0,0.0
41869,1727546,1727546.0,1727558.0,0.0
41867,1727505,1727505.0,1727601.0,0.0
41868,1727536,1727536.0,1727654.0,0.0
41870,1727616,1727616.0,1727696.0,0.0
41858,1726738,1726738.0,1727755.0,0.0
41871,1727714,1727714.0,1727801.0,0.0
41872,1727812,1727812.0,1727927.0,0.0
41873,1728714,1728714.0,1728740.0,0.0
41874,1728753,1728753.0,1728785.0,0.0
41875,1728795,1728795.0,1728884.0,0.0
41852,1726187,1728887.0,1728903.0,2700.0
41876,1728896,1728896.0,1728972.0,0.0
41877,1728991,1728991.0,1729099.0,0.0
41854,1726463,1729163.0,1729243.0,2700.0
41878,1729113,1729113.0,1729245.0,0.0
41856,1726571,1729271.0,1729334.0,2700.0
41857,1726646,1729346.0,1729451.0,2700.0
41859,1726763,1729463.0,1729573.0,2700.0
41879,1729234,1729245.0,1729614.0,11.0
41881,1729746,1729746.0,1729853.0,0.0
41882,1729859,1729859.0,1729950.0,0.0
41862,1727285,1729985.0,1729994.0,2700.0
41880,1729645,1729645.0,1730048.0,0.0
41863,1727303,1730003.0,1730122.0,2700.0
41883,1730030,1730048.0,1730267.0,18.0
41886,1730505,1730505.0,1730851.0,0.0
41887,1730839,1730851.0,1730905.0,12.0
41889,1730908,1730908.0,1730971.0,0.0
41890,1730998,1730998.0,1731130.0,0.0
41884,1730255,1733337.0,1733499.0,3082.0
41892,1731244,1733499.0,1733591.0,2255.0
41888,1730848,1733499.0,1733854.0,2651.0
41894,1731353,1733854.0,1733959.0,2501.0
41912,1733466,1733959.0,1733965.0,493.0
41903,1732571,1733959.0,1733972.0,1388.0
41902,1732552,1733959.0,1733975.0,1407.0
41885,1730488,1733801.0,1733979.0,3313.0
41895,1731771,1733959.0,1733987.0,2188.0
41900,1732435,1733987.0,1734014.0,1552.0
41899,1732387,1733987.0,1734015.0,1600.0
41893,1731251,1733591.0,1734017.0,2340.0
41891,1731152,1733944.0,1734027.0,2792.0
41897,1732025,1733959.0,1734094.0,1934.0
41904,1732582,1734017.0,1734106.0,1435.0
41901,1732473,1734015.0,1734109.0,1542.0
41898,1732172,1733959.0,1734185.0,1787.0
41906,1732684,1734109.0,1734233.0,1425.0
41916,1733721,1734233.0,1734271.0,512.0
41914,1733617,1734233.0,1734273.0,616.0
41915,1733668,1734233.0,1734276.0,565.0
41911,1733395,1734233.0,1734287.0,838.0
41913,1733549,1734233.0,1734290.0,684.0
41910,1733391,1734185.0,1734303.0,794.0
41919,1734187,1734271.0,1734326.0,84.0
41917,1733770,1734303.0,1734355.0,533.0
41896,1731982,1733979.0,1734547.0,1997.0
41907,1732824,1734547.0,1734576.0,1723.0
41908,1732912,1734576.0,1734608.0,1664.0
41909,1733033,1734608.0,1734711.0,1575.0
41918,1733837,1734711.0,1734801.0,874.0
41920,1734192,1734801.0,1734844.0,609.0
41922,1734911,1734911.0,1734947.0,0.0
41921,1734756,1734801.0,1735310.0,45.0
41923,1735336,1735336.0,1735406.0,0.0
41924,1735415,1735415.0,1735572.0,0.0
41925,1735582,1735582.0,1735613.0,0.0
41926,1735796,1735796.0,1735816.0,0.0
41927,1736301,1736301.0,1736389.0,0.0
41928,1736370,1736370.0,1736483.0,0.0
41929,1736406,1736406.0,1736486.0,0.0
41930,1736473,1736483.0,1736832.0,10.0
41931,1736495,1736832.0,1736888.0,337.0
41935,1737072,1737072.0,1737154.0,0.0
41936,1737408,1737408.0,1737429.0,0.0
41937,1737409,1737409.0,1737436.0,0.0
41938,1737446,1737446.0,1737499.0,0.0
41939,1737510,1737510.0,1737569.0,0.0
41932,1736567,1740271.0,1740337.0,3704.0
41960,1740373,1740373.0,1740384.0,0.0
41948,1739034,1740337.0,1740388.0,1303.0
41955,1740034,1740337.0,1740400.0,303.0
41956,1740116,1740388.0,1740424.0,272.0
41949,1739096,1740424.0,1740475.0,1328.0
41957,1740167,1740475.0,1740518.0,308.0
41933,1736650,1740547.0,1740612.0,3897.0
41950,1739157,1740612.0,1740680.0,1455.0
41958,1740222,1740680.0,1740740.0,458.0
41905,1732643,1734027.0,1740892.0,1384.0
41934,1736731,1740892.0,1740992.0,4161.0
41961,1740960,1740960.0,1741001.0,0.0
41940,1737579,1740947.0,1741009.0,3368.0
41941,1737655,1740947.0,1741015.0,3292.0
41942,1737742,1740992.0,1741028.0,3250.0
41963,1741026,1741026.0,1741028.0,0.0
41965,1741094,1741094.0,1741099.0,0.0
41951,1739236,1741009.0,1741104.0,1773.0
41964,1741087,1741087.0,1741110.0,0.0
41959,1740295,1741104.0,1741192.0,809.0
41943,1738480,1741180.0,1741200.0,2700.0
41966,1741120,1741192.0,1741278.0,72.0
41962,1741024,1741192.0,1741279.0,168.0
41968,1741270,1741279.0,1741297.0,9.0
41944,1738591,1741291.0,1741312.0,2700.0
41967,1741223,1741279.0,1741415.0,56.0
41969,1741410,1741410.0,1741436.0,0.0
41971,1741421,1741421.0,1741457.0,0.0
41945,1738733,1741433.0,1741465.0,2700.0
41972,1741488,1741488.0,1741520.0,0.0
41974,1741532,1741532.0,1741558.0,0.0
41975,1741612,1741612.0,1741633.0,0.0
41946,1738927,1741627.0,1741656.0,2700.0
41947,1738972,1741672.0,1741718.0,2700.0
41977,1741745,1741876.0,1741897.0,131.0
41981,1742137,1742137.0,1742159.0,0.0
41952,1739510,1742210.0,1742224.0,2700.0
41982,1742274,1742274.0,1742295.0,0.0
41954,1739976,1741028.0,1742320.0,1052.0
41983,1742313,1742313.0,1742335.0,0.0
41976,1741654,1742320.0,1742507.0,666.0
41978,1741876,1742507.0,1742637.0,631.0
41953,1739966,1742666.0,1742720.0,2700.0
41979,1742027,1742637.0,1742725.0,610.0
41987,1743221,1743221.0,1743286.0,0.0
41986,1743186,1743221.0,1743318.0,35.0
41988,1743315,1743411.0,1743426.0,96.0
41989,1743411,1743411.0,1743426.0,0.0
41808,1718127,1720827.0,1744786.0,2700.0
41807,1718095,1720829.0,1744820.0,2734.0
41985,1742937,1744820.0,1744850.0,1883.0
41991,1744441,1744850.0,1744887.0,409.0
41990,1743878,1744786.0,1745297.0,908.0
41993,1745397,1745397.0,1745428.0,0.0
41984,1742879,1742879.0,1745760.0,0.0
41994,1745742,1745742.0,1745766.0,0.0
41992,1744496,1744850.0,1745993.0,354.0
41996,1746558,1746558.0,1746594.0,0.0
41995,1745935,1745935.0,1746678.0,0.0
41997,1746775,1746775.0,1746950.0,0.0
41998,1746966,1746966.0,1747010.0,0.0
41999,1746968,1746968.0,1747013.0,0.0
42000,1747035,1747035.0,1747425.0,0.0
42001,1747715,1747715.0,1747937.0,0.0
42002,1747895,1747895.0,1748024.0,0.0
42003,1747947,1747947.0,1748129.0,0.0
41970,1741413,1741415.0,1750597.0,2.0
41973,1741506,1741506.0,1750896.0,0.0
42004,1748165,1748165.0,1752044.0,0.0
42012,1752175,1752175.0,1752189.0,0.0
41980,1742097,1742725.0,1752799.0,628.0
42014,1752823,1752823.0,1752840.0,0.0
42009,1750883,1752799.0,1753216.0,1916.0
42007,1750547,1753247.0,1753252.0,2700.0
42008,1750616,1754024.0,1754055.0,3408.0
42005,1749875,1750597.0,1760452.0,722.0
42016,1760036,1760452.0,1760514.0,416.0
42017,1760400,1760764.0,1760827.0,364.0
42018,1760764,1761126.0,1761185.0,362.0
42010,1751501,1753216.0,1761449.0,1715.0
42011,1751557,1754257.0,1762734.0,2700.0
42006,1749903,1753247.0,1763074.0,3344.0
42013,1752438,1754055.0,1764104.0,1617.0
42019,1761126,1764104.0,1764165.0,2978.0
42020,1761488,1764165.0,1764231.0,2677.0
42021,1761855,1764231.0,1764289.0,2376.0
42022,1762214,1764289.0,1764346.0,2075.0
42023,1762489,1765189.0,1765202.0,2700.0
42015,1759737,1761449.0,1772382.0,1712.0
42024,1762572,1764346.0,1772449.0,1774.0
42025,1762635,1765335.0,1773378.0,2700.0
42026,1770683,1776078.0,1776182.0,5395.0
42154,1805005,1807705.0,1807725.0,2700.0
42155,1805065,1807765.0,1807793.0,2700.0
42122,1795649,1798349.0,1808452.0,2700.0
42160,1805754,1808454.0,1808471.0,2700.0
42165,1806823,1808452.0,1808478.0,1629.0
42045,1778106,1782182.0,1814848.0,4076.0
42044,1778076,1782182.0,1814876.0,4106.0
42163,1806441,1808452.0,1818532.0,2011.0
42212,1818705,1818705.0,1818819.0,0.0
42214,1818829,1818829.0,1818987.0,0.0
42215,1819037,1819037.0,1819095.0,0.0
42201,1816523,1819223.0,1819236.0,2700.0
42248,1827306,1830006.0,1830020.0,2700.0
42206,1817234,1820876.0,1830947.0,3642.0
42028,1771039,1776182.0,1838763.0,5143.0
42027,1770977,1776182.0,1838825.0,5205.0
42258,1839223,1839223.0,1839237.0,0.0
42261,1840332,1840332.0,1840349.0,0.0
42253,1828033,1830733.0,1840802.0,2700.0
42256,1838104,1840804.0,1840817.0,2700.0
42259,1840146,1843502.0,1843662.0,3356.0
42260,1840162,1844763.0,1844980.0,4601.0
42257,1838834,1838834.0,1845551.0,0.0
42262,1845553,1845553.0,1845566.0,0.0
42263,1846128,1846128.0,1857051.0,0.0
42264,1857058,1859758.0,1859844.0,2700.0
